1.37 1 Kirkevatn 695 x 1914 1927 14
2.1 1 Hådammen 38.07 x 1990 2015 26 1998 2015 18
2.11 1 Narsjø 119.13 x 1931 2015 1974 84 1987 2015 1993 28
2.13 1 Sjodalsvatn 479.97 x 1931 2015 1951-1964 34 1986 2015 30
2.15 1 Breiddalsvatn ndf. 127.62 x 1918 1943 26
2.21 1 Visa 245 x 1981 1990 10 1986 1990 5
2.25 1 Lalm 3982.39 x 1907 1940 34
2.28 1 Aulestad 866.25 x 1930 2015 86 1999 2015 17
2.32 1 Atnasjø 463.2 x 1917 2015 99 1986 2015 1995, 2003 28
2.36 1 Øvre Heimdalsvatn 24.91 x 2000 2015 2002, 2003, 2005 13 2000 2015 2002, 2003, 2005 13
2.61 1 Orva 25.44 x 1996 2015 1999, 2001, 2002 17 1998 2015 1999, 2001, 2002, 2006 14
2.63 1 Rudi x 1988 2012 1992:1997, 2005 18 1998 2012 2005 14
2.102 1 Gjende 376 x 1967 1989 23 1989 1987 3
2.122 1 Skarnes 20300.5 x 1888 1895 8
2.129 1 Dølplass 2014.27 x 1909 1954 1934:1936 43
2.132 1 Lomnessjø 1165.17 x 1929 1970 1946:1948, 1969 38
2.135 1 Tysla 231 x 1920 1996 1928:1961 43
2.142 1 Knappom 1646 x 1917 2015 2013 98 2000 2015 2013 15
2.145 1 Losna 11212.8 x 1896 1916 21
2.231 1 Dalsbygdens El.Verk 355 x 1938 1955 18
2.235 1 Grimsmoen 627.05 x 1998 2015 18 1998 2015 2008 17
2.265 1 Unsetåa 618.36 x 1962 20151988:1990, 1992, 1993,2011 48 1999 2015 2002, 2011 15
2.267 1 Mistra Bru 549.86 x 1962 2015 1988, 1989, 1992, 1998 50 1999 2015 17
2.268 1 Akslen 790.9 x 1962 2015 54 1986 2014 1992, 1994:1998 23
2.273 1 Ryfetten 1314 x 1965 1985 21
2.275 1 Liavatn 211.26 x 1965 2015 2001, 2002, 2012 48 1986 20152001, 2002, 2005, 2006,2012, 2014 25
2.276 1 Furusjøen 68.1 x 1965 1987 23 1986 1987 2
2.279 1 Kråkfoss 432.35 x 1967 2015 49 1967 20151975, 1979, 1980, 1981,1984, 1997, 1998 42
2.280 1 Kringlerdal 265.44 x 1967 2015 2004 48 1986 2015 1996, 1998, 2002:2004 25
2.284 1 Sælatunga 454.83 x 1967 2015 1974:1978 44 1999 2015 17
2.287 1 Rotua 56.1 x 1967 1994 28 1967 1993 1970, 1972 25
2.288 1 Harasjøen 52.8 x 1967 2000 34
2.289 1 Høydalsvatn 78.7 x 1967 1986 20 1986 1986 1
2.290 1 Brustuen 253.93 x 1967 2015 49 1986 2015 30
2.291 1 Tora 262.27 x 1967 2015 49 1988 2015 2010 27
2.298 1 Russa 145 x 1969 1980 12
2.300 1 Bøvertjern 76.1 x 1968 1984 17
2.304 1 Jora 271 x 1968 1985 18
2.323 1 Fura 42.47 x 1971 2015 45 1971 2015 1982:1984, 2007 41
2.329 1 Hellen bru 81.3 x 1971 2001 31 1971 2001 1983, 1996 29
2.331 1 Kauserud 91.2 x 1999 2015 17
2.415 1 Espedalsvatn 95.19 x 1976 2015 2000:2007 32 1986 2015 1993, 1994, 1996, 2000:2007 19
2.439 1 Kvarstadseter 377.09 x 1984 2015 1986, 1987, 1994:1997 26 1988 2015 1989, 1994:1997 23
2.451 1 Nordre Osa 447.09 x 1989 2015 2010 26 2000 2015 2003, 2010 14
2.457 1 Fossum Bru 1136.62 x 1985 2015 1987, 2012 29 1999 2015 2003:2006, 2012 12
2.463 1 Vismunda 190.65 x 1987 2015 1992 28 1987 2015 1988, 1992, 2013 26
2.464 1 Svartelva 459.03 x 1987 2015 1996 28 1987 2015 1991, 1995, 1996 26
2.465 1 Flagstadelva 173.13 x 1987 2014 1996 27 1997 2014 2008 17
2.479 1 Li Bru 156.81 x 1998 2015 18 1998 2015 18
2.481 1 Jora v/Nysetra 213.28 x 2009 2015 7 2009 2015 7
2.578 1 Imssjøen S. 157.97 x 2003 2015 2007, 2010:2012 9 2003 2015 2006, 2007, 2010:2013 8
2.592 1 Fokstua 26.37 x 2005 2015 11 2005 2015 11
2.603 1 Glåmos bru 861.32 x 1903 1916 14
2.604 1 Elverum 15451.8 x 1872 1912 41
2.607 1 Vålåsjø 125.44 x 1980 2015 1996 35 1988 2015 1990, 1996:1998, 2012 23
2.611 1 Storsjøen ndf. -Øra 2337.11 x 1903 1930 1907:1909 25
2.614 1 Rosten 1833.91 x 1918 2015 98 1986 2015 1998, 2004 28
2.616 1 Sagstua 48.38 x 1978 2015 1993, 2003 36 1978 2015 1988, 1993, 2003 35
2.633 1 Stortorp 87.13 x 1980 2015 1998 35 1999 2015 2010, 2012 15
2.634 1 Lena 182.6 x 1993 2015 23 2001 2015 15
2.1036 1 Hæra v/Løkkeborg 132.84 x 2006 2015 2009 9 2006 2015 2009 9
3.11 1 Sagstubekken 3.08 x 1952 1973 22 1952 1973 22
3.22 1 Høgfoss 299.29 x 1977 2015 39 1977 2015 1984, 1987 37
6.10 1 Gryta 7.03 x 1968 2015 48 1968 2015 48
6.71 1 Sinnerdammen 7.63 x 2006 2013 2008:2009 6 2006 2013 2008:2009 6
8.2 1 Bjørnegårdsvingen 190.19 x 1969 2015 47 1986 2015 1987, 1989, 2007 27
8.6 1 Sæternbekken 6.23 x 1972 20151973, 1974, 1984, 1987,1988, 2001 38 1972 2015 1973, 1974, 1984:1988, 2001 36
8.8 1 Blomsterkroken 22.2 x 1976 2002 27 1976 2002 1988, 1989, 2000 24
11.4 1 Elgtjern 6.63 x 1976 2007 1995 31 1977 2007 1979, 1995 29
12.3 1 Hen 4843 x 1870 19031872, 1873, 1875, 1886,1887 29
12.7 1 Høvsfjord 785 x 1919 1929 11 1929 1929 1
12.8 1 Grønvold Bru 933.48 x 1964 1987 1976:1978 21
12.13 1 Rysna 50.76 x 1974 2015 2002 41 1974 2015 1977, 1982:1985, 1990, 2002 35
12.15 1 Strømstøa 4631.48 x 1906 1915 10
12.64 1 Haugastøl 381 x 1911 1922 12
12.69 1 Randsfjord 3692 x 1870 1871 2
12.70 1 Etna 570.17 x 1920 2015 96 1983 2015 33
12.77 1 Slidrefjord 763 x 1908 1944 37
12.80 1 Strandefjord 1796 x 1908 1918 11
12.95 1 Ustedalsvatn 570 x 1909 1964 56
12.96 1 Oppsjø bru 1704 x 1918 1930 13
12.97 1 Bergheim 4248.54 x 1921 1934 14
12.99 1 Skålfoss 5126.71 x 1891 1934 44
12.106 1 Vikevatn 135 x 1919 1974 1926:1955 26
12.110 1 Ølsjø 793 x 1929 1947 19
12.113 1 Kråkefjord ndf. 702.16 x 1976 1988 13 1986 1988 3
12.114 1 Garhammerfoss 492.53 x 1937 2015 1979:2006 51 2007 2015 9
12.130 1 Flævatn 184 x 1947 1957 11
12.137 1 Gjærdeslåtten 774.58 x 1952 1956 5
12.147 1 Brautemotjern 59.1 x 1957 1972 16
12.150 1 Buvatn 24.79 x 1963 2015 2002, 2003, 2006:2010 46 1963 20151964, 1972:1983, 1985,1988, 1989, 2002, 2003,2006:2010 30
12.171 1 Hølervatn 79.75 x 1969 2015 47 1969 2015 1973, 1978, 1985:1988 41
12.178 1 Eggedal 309.77 x 1972 2015 44 1972 2015 1973, 1974, 2011 41
12.183 1 Ala 26.6 x 1974 1985 12 1974 1984 1976, 1979 9
12.193 1 Fiskum 51.6 x 1977 2015 39 1980 2015 1981, 1983, 2001 33
12.197 1 Grunke 184.46 x 1978 2015 2001:2003, 2005 34 1978 2015 1979, 1999, 2001:2003, 2005 32
12.200 1 Kolbjørnshus 2064.45 x 1979 1987 9 1986 1987 2
12.207 1 Vinde-elv 269.34 x 1982 2015 2002 33 1982 2015 1991, 2002 32
12.209 1 Urula 542.89 x 1985 2015 31 1986 2015 1990, 2001, 2006 27
12.212 1 Hangstjern 11.13 x 1987 2015 29 1987 2015 29
12.215 1 Storeskar 119.43 x 1988 2015 28 1988 2015 28
12.286 0 Jaren ndf. 113.26 x 1925 20151939:1941, 1955, 1956,1982, 1983, 1992:2007 68 1986 2015 1992:2007 14
15.1 1 Labru 4290 x 1874 1907 1876:1895 14
15.18 1 Bommestad bru 5541 x 1880 1915 36
15.19 1 Fønnebøfjord 688 x 1931 1966 36
15.21 0 Jondalselv 125.9 x 1920 2015 96 1995 2015 21
15.49 1 Halledalsvatn 59.13 x 1963 2015 53 1963 20151970, 1971, 1974, 1976,1982, 1992 47
15.52 1 Smådøla 98.4 x 1966 1981 16
15.53 0 Borgåi 94.07 x 1967 2015 49 2000 2015 2002 15
15.55 0 Økta 49.5 x 1967 1981 15 1967 1980 1968, 1970, 1973, 1976 10
15.62 0 Hagnes 245 x 1971 1987 1985:1986 15
15.72 0 Sørkja 36.2 x 1980 1990 11 1985 1990 1987 5
15.79 0 Orsjoren 1177.29 x 1956 2015 60 2000 2015 2004 15
15.174 1 Istreelvavannstand 25.58 x 2009 2015 2011 6 2009 2015 2011 6
16.10 1 Omnefoss 807.71 x 1922 1955 1927:1928 32
16.32 1 Hjartsjø 215 x 1920 1957 38
16.37 1 Vinjevatn 907 x 1919 1955 37
16.51 1 Hagadrag 726.98 x 1912 1943 32
16.66 1 Grosettjern 6.6 x 1950 2015 66 1953 2015 1957, 1964:1974, 1981:1984 47
16.75 1 Tannsvatn 118.28 x 1956 2015 60 1985 2015 1986, 2011 29
16.81 1 Bitdalsvatn 80.1 x 1956 1969 14
16.108 1 Gjevarvatn 33.3 x 1966 1983 18 1967 1983 1976, 1982 15
16.109 1 Veisvikvatn 15.1 x 1966 1983 1977, 1979:1981 14 1966 1983 1970, 1976, 1977, 1979:1981 12
16.122 1 Grovåi 42.69 x 1973 2015 2001, 2005 41 1973 2015 1976, 2001, 2005 40
16.127 1 Viertjern 46.8 x 1980 2014 1993, 1996:1999, 2011 29 1980 2014 1986, 1993, 1996:1999, 2011 28
16.132 1 Gjuvå 33.1 x 1982 2015 2003:2005 31 1982 2015 2001, 2003:2005 30
16.140 1 Kvenna 822.26 x 1987 20151988:1995, 1998:2000,2003, 2008, 2009 15 1996 2015 1998:2000, 2003, 2008, 2009 14
16.189 1 Bjørntjønn 34.62 x 1992 2015 2000, 2006 22 1992 2015 2000, 2006 22
16.193 1 Hørte 156.65 x 1962 20151976, 1991:1994,1996:1999, 2002 44 2000 2015 2002 15
16.194 1 Kilen 118.47 x 1972 2015 1999:2001 41 1991 2015 1999:2001 22
18.4 1 Lundevatn 407.75 x 2009 2015 2012 6 2009 2015 2010, 2012, 2014 4
18.10 1 Gjerstad 236.23 x 1981 2015 35 1985 2015 1993:1994 29
18.11 1 Tjellingtjernbekk 1.95 x 1982 2015 1988 33 1982 2015 1988 33
19.57 1 Underberg Bru 253.67 x 1942 1950 9
19.63 1 Finndøla 387.87 x 1957 1962 6
19.73 1 Kilåi Bru 64.37 x 1968 2015 2007 47 1968 20151978, 1986, 1992, 1995,2007 43
19.76 1 Tovsliøytjønn 115 x 1970 2001 32 1985 2001 17
19.78 1 Grytå 19.31 x 2000 2015 16 2000 2015 16
19.79 1 Gravå 6.31 x 1971 2015 45 1971 2015 1979, 1981:1984 40
19.80 1 Stigvassåi 14.49 x 1973 2015 43 1973 20151982:1984, 1990, 1994,2000, 2009 36
19.82 1 Rauåna 8.93 x 1973 2015 43 1973 2015 1981:1984, 1987, 1991, 1994 36
19.96 1 Storgama ovf. 0.52 x 1975 2015 41 1975 2015 41
19.104 1 Songedalsåi 65.52 x 1981 2015 35 1981 2015 35
19.107 1 Lilleelv 39.32 x 1986 2015 1987:1997, 2002, 2007 17 1986 2015 1987:1997, 2002, 2004, 2007 16
20.2 1 Austenå 276.42 x 1925 2015 91 1985 2015 1990, 1992 29
20.3 1 Flaksvatn 1780.66 x 1900 2015 116
20.4 1 Vikstølvatn 75.1 x 1924 1959 36
21.47 1 Lislefjødd 19.01 x 2006 2015 2009, 2013 8 2007 2015 2009, 2012, 2013 6
22.4 1 Kjølemo 1757.7 x 1897 1933 37
22.5 1 Austerhus 413 x 1922 1957 36
22.16 1 Myglevatn ndf. 182.2 x 1952 2015 1998 63 1999 2015 2007 16
22.22 1 Søgne 203.58 x 1974 2015 1992 41 1974 2015 1979, 1992 40
24.8 1 Møska 121.41 x 1979 2015 1982, 1994 35 1995 2015 21
24.9 1 Tingvatn 272.16 x 1923 2015 93 1995 2015 21
25.2 1 Kvinen 482 x 1916 1966 1919:1958 11
25.3 1 Netland 896 x 1916 1952 37
25.4 1 Røynstadbru 1142 x 1916 1934 19
25.7 1 Refsti 202.68 x 1922 1947 26
25.8 1 Mygland 46.9 x 1931 2005 75 1997 2005 9
25.24 1 Gjuvvatn 96.82 x 1972 2015 1994 43 1987 2015 1994, 1999 27
25.30 1 Stegemoen 1147.61 x 1971 2015 45 1987 2015 1997 28
26.4 1 Fidjelandsvatn 506 x 1920 1969 50
26.5 1 Dorgefoss 808.53 x 1914 1967 54
26.6 1 Lindeland 963 x 1914 1969 1931:1961 25
26.7 1 Sirdalsvatn 1528 x 1895 1964 1930:1958 41
26.8 1 Lundevatn 1899 x 1897 1964 68
26.15 1 Svartevatn 209 x 1959 1974 16
26.20 1 Årdal 77.25 x 1971 2015 45 1971 2014 2009, 2012 42
26.21 1 Sandvatn 27.5 x 1971 2015 45 1971 2015 2012 44
26.29 1 Refsvatn 52.95 x 1979 2015 37 1979 2015 1987 36
26.64 1 Rekedalselv 10.11 x 1997 2015 2001, 2003, 2009:2011 14 1997 2015 2001, 2003, 2009:2011 14
27.15 1 Austrumdal 60.85 x 1986 2015 30 1987 2015 1988, 1989, 1992:1995 23
27.16 1 Bjordal 123.81 x 1988 2015 1997, 2002 26 1988 2015 1991, 1996, 1997, 2002,2004 23
27.24 1 Helleland 184.72 x 1897 1920 24
27.25 1 Gjedlakleiv 635.15 x 1983 2015 2001:2002 31 1983 2015 1992, 1993, 2001, 2002 29
27.42 1 Slevelandsåna 5.42 x 2008 2015 8 2008 2015 8
28.7 1 Haugland 139.35 x 1919 2015 97 1986 2015 30
29.7 1 Gramstaddalen 1 x 2006 2015 10 2006 2015 10
30.1 1 Moluf bru 128 x 1915 1950 36
31.2 1 Lysedalen 47.2 x 1954 1984 31
32.6 1 Liarvatn 55.85 x 1915 1943 1927:1935 20
33.2 1 Tveid 513 x 1897 1956 60
33.10 1 Sandvatn 70.4 x 1991 2015 2001:2005, 2009 19 1991 2015 2001:2005, 2009 19
33.11 1 Bergland bru 155 x 1966 1979 14
35.2 0 Hauge Bru 393.88 x 1906 1980 75
35.9 1 Osali 22.46 x 1983 2015 2010 32 1983 2015 1985:1989, 2010 27
35.16 0 Djupadalsvatn 45.34 x 1991 2015 25 1991 2015 25
36.2 1 Røldalsvatn 497.08 x 1914 1964 51
36.11 1 Stråpa 1304 x 1905 1963 59
36.12 1 Fossåna 10.7 x 1993 2003 2001:2002 9 1994 20031995, 1997, 1998, 2001,2002 5
36.13 1 Grimsvatn 34.54 x 1974 2014 41 1974 2014 1986 40
36.32 1 Lauvastøl 20.72 x 1986 2015 1990, 1992, 1994 27 1993 2015 1994 22
37.27 1 Breiborgvatn 12.43 x 1996 2015 2005, 2007, 2011 17 1996 2015 2005:2007, 2011 16
38.1 1 Holmen 116.88 x 1983 2015 2002 32 1985 2015 2002 30
39.1 1 Tysvær 3.34 x 1975 2015 2002, 2003, 2010 38 1975 2015 2002, 2003, 2010 38
39.2 1 Kallandsvatnet 7.68 x 2006 2015 10 2006 2015 2011 9
41.1 1 Stordalsvatn 130.61 x 1913 2015 103 1985 2015 31
41.5 1 Stakkastadsvatn 33 x 1936 1973 38
42.1 1 Fjellhaugvatn 150 x 1909 1920 12
42.2 1 Djupevad 31.9 x 1972 2015 44 1972 2015 2005 43
42.16 1 Fjellhaugen 7.22 x 1998 2015 18 2000 2015 2001, 2007 14
45.4 1 Seimsfoss i Guddalselv 36.38 x 2007 2015 9 2007 2015 9
46.1 1 Øvrehuselv 37 x 1919 1939 21
46.3 1 Øyreselv 83.4 x 1922 1973 52
46.4 1 Bondhus 60.5 x 1964 1973 1970:1971 8
46.9 1 Fønnerdalsvatn 7.01 x 1981 2014 1997, 2003:2005 30 1981 2014 1992, 1995, 1997,2003:2005, 2007, 2011 26
47.1 1 Eidevatn 79.2 x 1909 1934 26
48.1 1 Sandvenvatn 470.22 x 1909 2015 107 1997 2015 2007 18
48.2 1 Raundalsvatn 10.7 x 1964 1977 14 1964 1977 14
48.4 1 Jordal 51.5 x 1964 1982 19 1964 1982 1976 18
48.5 1 Reinsnosvatn 120.5 x 1918 2015 1923, 1924, 1926:1929 92 1977 20151978, 1984, 1988, 1996,1997 34
50.1 1 Hølen 232.73 x 1923 2015 93 1962 2015 1978, 1984 52
50.2 1 Garen 502 x 1909 1973 1916:1918, 1938:1964 35
50.3 1 Eidfjordvatn 1166.92 x 1929 1945 17
50.5 1 Sima 125 x 1962 1980 19
50.10 1 Isdøla 58.3 x 1966 1980 15 1966 1980 15
51.2 1 Austdalsvatn øvre 81.7 x 1943 1979 1976 36
51.3 1 Osseter 26.7 x 1962 1979 18 1963 1979 1974:1975 15
55.4 1 Røykenes 50.09 x 1934 2015 82 1977 2015 1992 38
55.5 1 Dyrdalsvatn 3.31 x 1978 2015 1997:2001 33 1978 2015 1997:2001 33
55.7 1 Eikelandsosen 42.72 x 1981 1984 4
61.8 1 Kaldåen 15.28 x 1988 2015 28 1988 2015 1997, 1999, 2010, 2012 24
61.13 1 Haukåselva 7.39 x 2008 2015 8 2008 2015 8
62.5 1 Bulken 1092.04 x 1892 2015 124 1995 2015 21
62.6 1 Austmannhølen 295 x 1909 1975 1946:1962, 1974 49
62.10 1 Myrkdalsvatn 158.28 x 1964 2015 52 1971 2015 1986, 1987, 2011 42
62.14 1 Slondalsvatn 41.86 x 1984 2015 32 1985 2015 1986, 1994, 1997, 1998 27
62.15 1 Kinne 511.44 x 1984 2015 32 1984 2015 32
62.18 1 Svartavatn 72.35 x 1988 2015 28 1988 2015 1989, 1990, 1994, 1998,1999, 2004, 2009, 2011 20
63.1 1 Nese 346 x 1909 1941 33
63.2 1 Brakestad 224 x 1935 1971 37
63.3 1 Fosse 261 x 1935 1971 37
63.12 1 Fjellanger 12.83 x 1995 2015 21 1995 20151997, 1998, 2004, 2006,2009, 2010 15
64.6 1 Solrenningsvatn 53.37 x 2006 2014 2007 8 2006 2014 2007 8
68.1 1 Kløvtveitvatn 4,51 x 1923 2005 83 1971 2005 35
68.2 1 Havelandselv 21 x 1965 2015 1981, 1982, 1984:1997 35 1998 2015 2005 17
70.8 1 Målset 7.71 x 1988 2015 28 1988 2015 1989 27
71.1 1 Skjerping 267.79 x 1969 2015 47 1988 2015 2006 27
71.5 1 Feios 75,2 x 1973 2006 34 1973 2006 1975, 1977, 2005 31
72.1 1 Klevevatn 109 x 1909 1947 1922:1934, 1943:1945 23
72.5 1 Brekke bru 268.16 x 1944 2014 71 1997 2014 1998, 2009 16
72.7 1 Vassbygdvatn 758.77 x 1909 1969 61
72.8 1 Aurdalsvatn 397 x 1953 1975 23
73.1 1 Lo Bru 562.39 x 1916 1972 57
73.4 1 Sælthun 789.96 x 1962 1971 10
73.5 1 Breistøl 152 x 1962 1971 10
73.6 1 Bergstølsfoss 203 x 1962 1971 10
73.7 1 Ulvisbakken 261 x 1962 1972 11
73.8 1 Dilma 133 x 1962 1972 11
73.9 1 Nivla 166 x 1962 1972 11
73.10 1 Smeddalen 157 x 1967 1983 17
73.21 1 Frostdalen 25.74 x 1968 2015 1981:1993 35 1968 2014 1972:1993, 1997, 1998 23
73.27 1 Sula 30.32 x 1968 2015 1982:1991 38 1968 2015 1970:1979, 1982:1991, 1993 27
74.1 1 Årdalsvatn 978.68 x 1901 1934 34
74.2 1 Tya 291 x 1912 1940 29
74.18 1 Fornabu 53.13 x 1983 2015 1985, 1987:1989 29 1983 2015 1985, 1987:1990, 1993, 2006 26
75.2 1 Ytri bru 367 x 1919 1955 37
75.20 1 Åstevatn 29 x 1967 1976 1969 9 1967 1976 1969 9
75.21 1 Rausdal 126 x 1964 1980 1971, 1973 15
75.22 1 Gilja 203.43 x 1985 2015 31 1985 2015 1994, 2005, 2013 28
75.23 1 Krokenelv 45.92 x 1966 2015 50 1966 2015 50
75.28 1 Feigumfoss 48.04 x 1973 2015 43 1974 2015 1977, 2000 40
76.4 1 Leirdal 143 x 1963 1974 1969 11
76.5 1 Nigardsjøen 65.29 x 1963 2015 53 2002 2015 14
76.10 1 Myklemyr 575.82 x 1979 1988 10 1985 1988 4
76.11 1 Vigdøla 45.45 x 1990 2015 26 1990 2015 1991, 2001, 2006 23
76.14 1 Fåbergstøl 182.96 x 1987 1988 2 1987 1988 2
77.2 1 Veitestrandsvatn 386 x 1901 1981 81
77.3 1 Sogndalsvatn 110.93 x 1963 2015 53 1991 2015 25
77.20 1 Henjaelvi ved Flotande 48.14 x 2007 2014 8 2007 2014 2009 7
78.8 1 Bøyumselv 40.42 x 1983 2015 33 1983 2015 33
79.3 1 Nessedalselv 30 x 1984 2015 32 1984 2015 32
80.4 1 Ullebøelv 8.31 x 1967 2015 49 1983 2015 1989, 2001, 2003, 2008 29
81.1 1 Hersvikvatn 7.13 x 1934 2015 82 1977 2015 39
82.4 1 Nautsundvatn 218.96 x 1984 2015 32 2005 2015 11
83.2 1 Viksvatn 508.13 x 1903 2015 113 1985 2015 31
83.4 1 Eldal 169 x 1932 1955 24
83.6 1 Byttevatn 104.54 x 1966 2015 1972:1974, 1977 46 1985 2015 31
83.7 1 Grønengstølsvatn 65.65 x 1966 2015 50 1966 2015 1968, 1976, 1995, 2003 46
83.12 1 Haukedalsvatn 205.55 x 1985 2015 31 1986 2015 1999 29
84.7 1 Sægrova 7.14 x 1997 2005 2002:2003 7 1997 2005 1999, 2002, 2003 6
84.10 1 Nesvatn 96,1 x 1964 1988 25
84.15 1 Jølstervatn ndf. 384.46 x 1903 1951 49
84.19 1 Sygnesandselva 10.32 x 1998 2009 12 1999 2008 2002 9
84.20 1 Holsenvatn 71.48 x 1964 2015 52 1983 2015 2002 32
84.30 1 Lunde 34.37 x 1996 2009 14 1996 2009 2002 13
85.1 1 Norddal 97,5 x 1909 1962 54
85.2 1 Blåmannsvatn 225.63 x 1930 1985 56
85.4 1 Staumstad 109.68 x 1975 2015 41 1982 2015 1984, 1995, 1997 31
86.1 1 Risevatn 32.57 x 1929 1971 43
86.4 1 Gjengedalsvatn 56,0 x 1964 2000 37 1970 2000 31
86.10 1 Åvatn 162.13 x 1975 2015 41 1984 2015 1985, 1995, 1998, 1999, 2002:2004, 2008 24
86.12 1 Skjerdalselv 23.66 x 1983 2015 33 1983 2015 1989, 1996 31
87.2 1 Eidsfoss 614.33 x 1901 1915 15
87.10 1 Gloppenelv v/Bergheim 217.12 x 1971 2015 45
88.4 1 Lovatn 234.88 x 1901 2015 115 1988 2015 28
88.11 1 Strynsvatn 482.04 x 1982 2015 1994, 1996, 2001:2006 26 1985 2015 1990, 1994, 1996, 2001:2006 22
88.15 1 Grasdøla 34.54 x 1980 2015 1985, 1986, 1989:1997 25 1987 2015 1989:1997, 2002 19
88.30 1 Oldevatn 203.1 x 1988 2015 28 1988 2015 28
89.1 1 Hornindalsvatn 381.68 x 1967 2015 49 1990 2015 1996 25
90.1 1 Førdeelv 2.99 x 2008 2015 8 2008 2015 8
91.2 1 Dalsbøvatn 25.72 x 1935 2015 81 1984 2015 2009 31
96.3 1 Hareidselv 40.37 x 1986 2015 2009:2010 28 1986 2015 1987, 1992, 1996, 2002,2009, 2010 24
98.4 1 Øye ndf. 138.78 x 1917 2015 1956, 1979:1982, 1999 93 1991 2015 1999, 2002 23
99.1 1 Onilsavatn 303 x 1910 1918 9
99.2 1 Heimste Kaldhussetervann 99,8 x 1913 1924 1920 11
99.3 1 Øyen 183 x 1912 1923 1920 11
99.17 1 Rødøla 49.86 x 1986 2015 1995, 1996, 2007 27 1993 2015 1995, 1996, 2007, 2013 19
100.1 1 Alstad 226.31 x 1984 2015 32 1999 2015 2008, 2013, 2014 14
101.1 1 Engsetvatn 39.93 x 1924 2015 92 1991 2015 25
102.1 1 Hildreelv 14.25 x 2007 2015 9 2007 2015 9
103.1 1 Storhølen 435.51 x 1972 2015 44 1986 2015 1991 29
103.3 1 Stuguflåten 377.02 x 
103.6 1 Grøtta bru 78,8 x 1917 1930 14
103.21 1 Krossan 156 x 1973 1990 1976:1979 14 1985 1990 6
103.40 1 Rauma v/Horgheim 1099.42 x 1913 2015 2012 102 1986 2015 2012 29
104.1 1 Lille Eikesdalsvatn 801.44 x 1907 1955 49
104.22 1 Midtre Mardalsvatn 13.68 x 1976 2015 2012 39 1976 2015 1978, 1981:1987, 1996, 2012 30
104.23 1 Vistdal 66.52 x 1976 2015 40 1976 2015 40
105.1 1 Øren 137.59 x 1924 2015 92 1986 2015 1997 29
109.1 1 Litledalselv 330 x 1913 1952 40
109.4 1 Gjevilvatn 169 x 1922 1950 29
109.9 1 Risefoss 745.38 x 1936 2015 80 1979 2015 37
109.11 1 Vindal 161 x 1937 1951 15
109.12 1 Bruøy 474 x 1950 1990 41 1964 1990 27
109.19 1 Ångårdsvatn 88,5 x 1964 1972 9
109.21 1 Svoni 136.02 x 1997 2015 19 1997 2015 2000 18
109.29 1 Dalavatn 85.44 x 1975 2015 2013 40 1975 2015 1977, 2013 39
109.31 1 Grøli 1980-1983 108 x 1981 1993 13 1985 1993 1990 8
109.35 1 Håkådalselv 23.62 x 1988 2014 2007:2008 25 1988 2014 1990, 1994, 1998, 2001, 2003, 2007, 2008 20
109.42 1 Elvehøy Bru 2437.41 x 1908 1972 65
111.1 1 Innerdalsvatn 72,6 x 1967 1987 21 1986 1987 2
111.3 1 Todalselv 205 x 1908 1937 30
111.9 1 Søya 137.63 x 1975 2015 41 1975 2015 1978, 1993, 1999, 2005, 2007 36
111.10 1 Nauståa 24.79 x 1979 2015 2008:2010 34 1979 2015 1993, 1999, 2008:2010 32
112.3 1 Svorka 83,3 x 1921 1961 1926:1939 27
112.5 1 Løsetli 196 x 1958 1967 10
112.6 1 Sjursberget 168 x 1958 1969 12
114.1 1 Myra 16.46 x 121.9 1 Næverdal 793.85 x 1967 1981 15
121.13 1 Grana 212.51 x 1962 1978 17
121.14 1 Svorksjøen 103.23 x 1965 1977 13
121.20 1 Åmot 282.36 x 1988 2015 1992:1993 26 1988 2015 1992:1993 26
121.22 1 Syrstad 2278.13 x 1913 1939 27
122.9 1 Gaulfoss 3086.41 x 1959 2015 1977:1987 46 1988 2015 1993:1994 26
122.11 1 Eggafoss 654.24 x 1942 2015 2013 73 1966 2015 1975:1985, 2013 38
122.13 1 Økdalsmo bru 111.36 x 1964 1980 17
122.17 1 Hugdal Bru 546.17 x 1973 2015 2001:2006, 2010 36 1973 2015 2001:2006, 2010, 2013 35
123.11 1 Kistafoss 1035.11 x 1931 1947 17
123.13 1 Stokke 1989.98 x 1916 1946 31
123.14 1 Fossan 278.96 x 1919 1939 21
123.24 1 Rotla bru 256.79 x 1964 1989 26
123.29 1 Svarttjørnbekken 3.42 x 2006 2015 10 2006 2015 10
123.31 1 Kjelstad 145 x 1930 2015 86 1986 2015 30
124.1 1 Floren 975.76 x 1914 1926 1915:1919 8
124.2 1 Høggås Bru 494.72 x 1913 2015 103 1965 2015 1974, 1977, 1979, 1991, 2014 46
124.10 1 Mannseter 96.82 x 1963 1993 31 1989 1993 5
124.11 1 Dalå 152.88 x 1963 1983 21
124.13 1 Feren 219.99 x 1969 2015 1985:2006, 2008: 2014 18 2007 2015 2008:2014 2
124.14 1 Trøa 181.98 x 1983 1993 11 1988 1993 1990 5
124.15 1 Børstad 48.46 x 1992 2015 2005:2006 22 1992 2015 1994, 1998, 2002, 2005, 2006, 2010 18
125.2 1 Fossing 163.37 x 1932 1965 34
126.2 1 Engstad 20.03 x 1993 2015 2012:2014 20 1998 2015 1999, 2002, 2004, 2012:2014 12
127.6 1 Grunnfoss 880.42 x 1952 2015 64 1989 2015 27
127.7 1 Ådalsvollen 132.66 x 1910 1925 16
127.11 1 Veravatn 176.13 x 1967 2015 49 1981 2015 35
127.12 1 Innsvatn 97.6 x 1973 1991 19 1974 1991 18
127.13 1 Dillfoss 479.64 x 1973 2015 43 1973 2015 1991, 2002, 2006, 2008 39
128.9 1 Leksdalsvatn 177.22 x 1972 2010 39 1989 2010 22
128.10 1 Navlusfoss 436.97 x 1981 1991 11
132.3 1 Spakmo 245.85 x 1917 1930 14
132.4 1 Storvatn-Svartelva 147.97 x 1917 1958 42
133.7 1 Krinsvatn 206.61 x 1916 2015 100 1970 2015 1984, 1989 44
138.1 1 Øyungen 239.07 x 1917 2015 99 1977 2015 1983, 1986 37
139.5 1 Namsvatn 700 x 1909 1948 40
139.8 1 Fiskumfoss 3295.03 x 1908 1941 34
139.11 1 Tunnsjøplass 472.21 x 1909 1940 32
139.13 1 Grongstadvatn 471.61 x 2004 2015 12 2004 2015 12
139.15 1 Bjørnstad 1037.62 x 1935 1950 16
139.20 1 Moen 64.03 x 1976 2015 41 1976 2015 1988 39
139.25 1 Skjellbreivatn 546.35 x 139.35 1 Trangen 852.39 x 1979 2015 37 1990 2015 26
140.2 1 Salsvatn 431.9 x 1917 2015 1942, 1948, 1970, 1975 95 1989 2015 2014 26
142.1 1 Aunvatn 87.29 x 1984 2015 32 1984 2015 1987:1988 30
144.1 1 Åbjørvatn 388.95 x 1909 1949 41
148.1 1 Strompdal 192.78 x 1909 1953 45
148.2 1 Mevatnet 108.47 x 1974 2015 42 1974 2015 1994:1998 37
150.1 1 Sørra 6.58 x 
150.3 1 Tormodsvoll 6.47 x 1954 1972 19
151.4 1 Hatfjelldal 1828.62 x 1909 1924 16
151.6 1 Fiplingkroken 309.03 x 1920 1930 11
151.9 1 Unkervatn 765 x 1930 1990 61 1989 1990 2
151.12 1 Østre Fiskelausvatn 15.41 x 1968 1989 22 1968 1981 1976 13
151.15 1 Nervoll 653.36 x 1969 2015 47 1969 2015 1971 46
151.16 1 Eiteråfoss 139.83 x 1969 1987 19
151.17 1 Fiplingvatn 264.68 x 1969 1985 17
151.20 1 Fosstun 588.83 x 1973 1995 1992:1993 21 1988 1995 1990, 1992, 1993 5
151.21 1 Joibakken 2623.11 x 1973 2015 43 1989 2015 1992, 2001 25
151.28 1 Laksfors 3653.4 x 1909 2015 1930:1952 84 1989 2015 2010, 2013 25
151.65 1 Stor-Svenningvatnet 189.59 x 2012 2015 4 2012 2015 4
152.4 0 Fustvatn 525.69 x 1909 2015 107 1975 2015 1981:1988, 1991 32
153.1 1 Storvatn 48 x 1917 2015 99 1972 2015 44
155.2 0 Tustervatn 1504.35 x 1905 1951 1950 46
155.5 1 Lille Målvatn 274.38 x 1909 1966 58
155.6 1 Sjøfoss 1880.85 x 1928 1958 31
155.7 1 Bleikingen 191.9 x 1957 1966 10
155.11 1 Stemtjern 11.34 x 1969 1990 22 1989 1990 2
155.13 1 Elvestad 193.72 x 1974 1989 16 1989 1989 1
155.27 0 Lendingosen 159.03 x 1994 2012 19 1994 2012 2000 18
156.4 1 Nevernes 1904.14 x 1909 1980 72
156.5 0 Reinfosshei 3160.32 x 1909 1925 17
156.8 0 Svartisdal 121.98 x 
156.9 0 Krokstrand 792.69 x 1938 1970 33
156.10 1 Berget 210.63 x 1951 2015 65 1998 2015 2009 17
156.13 1 Bjørnfoss 306.1 x 1955 1992 38 1987 1992 6
156.15 1 Forsbakk 56.04 x 1974 2015 2006:2007 40 1974 2015 1979:1988, 2006, 2007 30
156.17 1 Virvatn 79.06 x 1967 2013 1970, 2012 45 1989 2013 1990, 2001, 2005, 2012 21
156.18 1 Blerek 78.41 x 1967 1987 21
156.20 1 Nylaenget 374.55 x 1968 1983 16
156.22 1 Ramnåga 68.32 x 1971 1987 17 1985 1987 3
156.24 1 Bogvatn 36.21 x 1971 2015 45 1971 2015 1977:1979, 1983, 1985, 2010 39
156.27 1 Leiråga 44.09 x 1975 2015 1976, 1998:2000 37 1975 2015 1976, 1989, 1998:2000 36
156.34 0 Søndre Bjøllåvatn 157.26 x 1971 1993 1992 22
157.3 1 Vassvatn 16.33 x 1917 2015 99 1989 2015 27
159.3 1 Engabrevatn 53.33 x 1974 1992 19 1974 1992 19
159.4 1 Koppskjærelv 2.29 x 1971 1979 9 1971 1979 9
161.1 1 Ågnes 195.86 x 1913 1947 35
161.3 0 Arstadfossen 198.8 x 1917 1962 46
161.6 0 Staupåga 18.47 x 1970 1988 19 1970 1988 1972, 1973, 1983 16
161.7 0 Tollåga 225.05 x 1973 2015 2010 42 1973 2015 2001, 2006, 2009, 2010 39
161.18 0 Vm Selfoss Bru 788.34 x 1917 1992 76
162.1 1 Oldereidvatn 49.93 x 1920 1952 33
162.3 0 Skarsvatn 145.39 x 1917 2015 99 1989 2015 1999 26
163.5 1 Junkerdalselv 421.98 x 1938 2015 78 1978 2015 1979, 1980, 1986, 1996, 2002 33
163.6 1 Jordbrufjell 69.91 x 1946 2014 2007, 2013 67 1964 2014 2007, 2013 49
163.7 1 Kjemåvatn 36.48 x 1970 2015 46 1970 2015 1977, 1981, 2005 43
163.8 1 Lønselv 344.7 x 1973 1988 1974:1976 13 1985 1988 4
163.9 1 Russånes 1040.23 x 1975 1988 14 1975 1988 14
163.10 0 Sauelv 127.06 x 1977 1988 12
165.13 1 Nye Strandå 24.06 x 2014 2015 2 2015 2015 1
166.1 1 Lakshola 230.79 x 1917 1998 82 1988 1998 11
166.3 1 Andkilvatn 249.24 x 1961 1971 11
166.13 1 Vallvatn 53.04 x 1962 2014 53 1988 2014 27
167.2 1 Sørfjordvatn 109.31 x 1917 1986 70 1965 1984 1968, 1973, 1975 17
167.3 1 Kobbvatn 387.14 x 1917 1985 69
167.4 1 Sjøfossen 73.82 x 1964 1983 20
168.1 1 Storvatn 71.3 x 1917 2014 1991:2007, 2011 80 1959 2014 1980, 1985:1988, 1991:2007, 2011 33
168.2 1 Mørsvik Bru 31.23 x 1986 2015 30 1986 2015 30
170.1 1 Rotvatn 242.08 x 1917 1943 27
171.3 1 Vasja 39.44 x 1972 1986 15 1972 1978 7
171.4 1 Stabburselv 67.34 x 1972 1986 15
171.5 1 Draugselv 105.58 x 1972 1986 15
171.7 1 Ravggajokka 74.96 x 1977 2015 1987:2010, 2012 14
172.5 1 Melkedal 92.15 x 1939 1956 18
173.1 1 Kjårdaelv 71.03 x 1919 1938 20
173.3 1 Sørelv Bru 371.68 x 1919 1972 54
173.8 1 Coarveij 62.83 x 1973 2013 1994, 2000, 2006:2010 34 1989 2013 1992, 1994, 2000, 2001, 2006:2010 16
173.22 1 Gamnes 797.59 x 1913 1972 1959:1961 57
174.3 1 Øvstevatn 28.44 x 1982 2015 34 1982 2015 2003 33
174.9 1 Nygård 150.18 x 1922 1931 10
174.11 1 Taraldsvikelv 2.84 x 1994 2014 1998, 1999, 2010 18 1994 2014 1998, 1999, 2010 18
176.1 1 Myklebostad 17.79 x 1985 1998 1997 13 1985 1996 1992, 1995 10
177.4 1 Sneisvatn 29.25 x 1917 2015 99 1978 2015 1985, 1987 36
178.1 1 Langvatn 18.41 x 1954 2014 61 1978 2014 1980 36
180.1 1 Grønlivatn 7.52 x 1990 2015 1992, 1993, 1996, 1997 22 1990 2015 1992, 1993, 1996, 1997 22
185.1 1 Gåslandsvatn 7.7 x 1935 2015 2008 80 1978 2015 1985, 1994, 2008, 2009 34
189.1 1 Skodbergvatn 107.31 x 1929 1952 24
189.2 1 Øyvatn 47.42 x 1979 1989 11
189.3 1 Tennevikvatn 85.41 x 1979 2015 2014 36 1989 2015 1994, 2011, 2014 24
190.1 1 Tjuvskjer 8 x 1985 1993 9
190.2 1 Storfossen 52.69 x 1987 2001 1995:1996 13 1987 2001 1995:1996 13
191.2 1 Øvrevatn 526.02 x 1988 2015 28 1989 2015 27
193.2 1 Skøvatn ndf. 94.91 x 1962 1991 30 1984 1991 8
194.1 1 Lysevatn 129.68 x 1935 1940 6
196.5 0 Insetvatn 1388.44 x 1911 1953 43
196.7 1 Fiskeløsvatn 54.42 x 1961 2014 54 1978 2014 1981, 1986, 1992, 1998 33
196.11 1 Lille Rostavatn 638.38 x 1962 2015 54 1989 2015 27
196.12 1 Lundberg 246.53 x 1962 2014 2000:2001 51 1978 2014 1982, 1984, 2000, 2001 33
196.13 1 Bardujord 68.5 x 1962 1990 29 1989 1990 2
196.35 0 Malangsfoss 3110.65 x 1908 1959 52
197.10 1 Ersfjordelva 18.63 x 2007 2011 5 2007 2011 5
200.4 1 Skogsfjordvatn 136.01 x 1989 2015 27 1989 2015 1990, 1992, 1997, 2001, 2007, 2012 21
203.2 1 Jægervatn 92.48 x 1989 2014 2011 25 1989 2014 2011 25
205.1 1 Helligskogen 365.06 x 1928 1977 1944:1961, 1969:1971 29
205.2 1 Gardebor 219.78 x 1967 1978 12
205.3 1 Skibotn Bru 727.22 x 1971 1977 7
206.2 1 Holm Bru 344.6 x 1962 1970 9
206.3 2 Manndalen Bru 200.48 x 1972 2015 44 1972 2015 1978, 1981, 1993, 1995, 1996, 2004 38
207.1 1 Fagertun 15.48 x 1949 1982 34
208.2 1 Oksfjordvatn 265.6 x 1956 2015 2011 59 1985 2015 1986, 2011 29
208.3 1 Svartfossberget 1932.29 x 1982 2014 33 1985 2014 30
209.1 0 Njemenjaikafoss 172.37 x 1928 19651944, 1945, 1953:1956, 1960 31
209.2 1 Baddern 137.24 x 1928 1940 13
209.3 2 Kvænangselv Bru 310.66 x 2003 2013 11 2005 2013 2006 8
210.1 1 Øvrefoss 169.96 x 1962 1993 1968 31 1985 1993 9
212.7 1 Lille Mattisvatn 319.02 x 1939 1990 1940, 1944, 1945, 1979,1980 47 1985 1990 1986 5
212.10 1 Masi 5620.81 x 1967 2015 2003 48 1985 20151994, 1996, 1998, 2002,2003, 2010 25
212.11 1 Kista 6182 x 1972 1986 15 1977 1986 1979:1985 3
212.26 1 Suohpatjohka 604.39 x 2009 2011 3 2010 2010 1
212.27 1 Eibyelvav/Hammeren 624.18 x 2008 2014 7 2009 2014 6
212.48 1 Sagafoss 233.67 x 1991 2014 24 1991 2014 24
212.49 1 Halsnes 144.89 x 1972 2014 2002 42 1992 2014 2002 22
213.2 1 Leirbotnvatn 135.47 x 1962 2014 53 1981 2014 1993, 1997, 2005, 2010 30
213.3 1 Skaidi 306.73 x 1975 1992 18 1985 1992 1986 7
213.4 1 Kvalsund 124.8 x 1979 2013 35 1980 2013 1992 33
223.1 0 Stabburselv 1067.33 x 1924 1959 1944:1946 33
224.1 1 Skoganvarre 942.31 x 1922 1955 1944:1945 32
225.1 1 Børselv 871.27 x 1922 1932 11
228.2 1 Kunes 678.22 x 1980 2000 1994 20 1985 2000 1988, 1994 14
229.1 1 Adamsfjordfoss 710.57 x 1928 1960 1944:1946 30
229.2 1 Nedre Friarfjordvatn 128.22 x 1932 1943 12
234.2 1 Jiesjokka 460.53 x 1958 1979 22
234.4 1 Smalfjord 30.05 x 1961 1986 26 1970 1986 1976, 1977, 1983 14
234.5 1 Njalmigoaika 2256.83 x 1967 1990 24 1986 1990 5
234.13 1 Vækkava 2079.25 x 1990 2010 21 1990 2010 21
234.18 1 Polmak nye 14161.4 x 1992 2015 24 1992 2015 24
237.1 1 Båtsfjord 21.93 x 1981 2014 1986 33 1981 2014 1985:1988, 1990, 1992, 1996, 2007, 2011 25
241.1 1 Bergeby 247.58 x 1961 1996 36 1985 1996 12
244.2 1 Neiden 2947.19 x 1912 2014 1974:1978, 2011 97 1985 2014 2011 29
246.1 1 Bjørnvatn 18110 x 1940 1960 21
246.8 1 Vaggatem 244.96 x 1964 1986 1978 22
246.9 1 Sametielv 255.69 x 1982 2013 32 1985 2013 2005 28
307.5 1 Murusjø 345.62 x 1926 2015 90 1989 2015 27
307.12 1 Huddingsvatn 153.53 x 1960 1969 10
307.14 1 Saksvatn 64.03 x 1960 1989 30 1960 1989 1971, 1972, 1979, 1982, 1984:1988 21
308.1 1 Lenglingen 449.98 x 1926 2015 90 1989 2015 2008 26
311.4 1 Femundsenden 1794.03 x 1896 2015 1997:1998 118 1986 2015 1997, 1998, 2003 27
311.6 1 Nybergsund 4424.85 x 1909 2015 107 2002 2015 14
311.10 1 Galten 2482 x 1950 1983 1952 33
311.460 1 Engeren 394.83 x 1912 2015 1996 103 1987 2015 1995, 1996, 2008, 2014 25