110.2 Draget 0,19 26 0,21 0,08 1089 416 2,62 1,28 1,54 1,80 2,16 2,44 2,74 3,15 3,49 GEV(mom)
110.1 Karihola 0,29 24 0,34 0,10 1155 355 3,25 1,36 1,64 1,89 2,20 2,41 2,60 2,82 2,94 Gam(mom)
20.11 Tveitdalen 0,44 40 0,66 0,25 1491 564 2,65 1,32 1,55 1,76 2,02 2,21 2,39 2,61 2,77 GEV (max)
19.96 Storgama ovf. 0,52 36 0,43 0,25 817 483 1,69 1,25 1,41 1,56 1,73 1,85 1,95 2,07 2,14 Gamma (mom)
29.7 Gramstaddalen 1,00 21 1,20 0,46 1197 463 2,59 1,17 1,30 1,43 1,60 1,72 1,85 2,01 2,14 Gum(mom)
19.91 Åbogtjønn 1,15 16 0,62 0,42 536 368 1,46 1,25 1,37 1,47 1,56 1,62 1,66 1,71 1,74 GEV (max)
31.10 Venekvev 1,61 20 3,27 1,61 2028 1001 2,03 1,24 1,43 1,62 1,86 2,04 2,22 2,45 2,63 Gum(mom)
27.14 Saglandsvatn 1,85 19 0,40 0,38 218 203 1,08 1,19 1,30 1,41 1,53 1,60 1,68 1,75 1,80 Gamma (mom)
123.30 Øvre Hestsjøbekk 1,93 26 1,37 0,81 712 421 1,69 1,28 1,47 1,64 1,84 1,98 2,11 2,25 2,33 Gamma (mom)
18.11 Tjellingtjernbekken 2,16 30 1,83 0,96 849 446 1,90 1,33 1,61 1,87 2,23 2,50 2,77 3,13 3,41 GEV (max)
36.34 Prestvika 2,5 20 2,94 1,68 1176 673 1,75 1,24 1,44 1,63 1,87 2,06 2,24 2,48 2,66 Gum(mom)
19.89 Skornetten 2,62 25 2,32 1,08 886 413 2,14 1,17 1,28 1,38 1,48 1,56 1,62 1,69 1,73 Gamma (mom)
221.1 Magerøy 2,73 16 1,21 0,97 445 356 1,25 1,30 1,48 1,64 1,81 1,92 2,02 2,13 2,20 Gev(mom)
174.11 Taraldsvikelv 2,84 17 1,81 1,11 636 390 1,63 1,26 1,48 1,70 1,99 2,22 2,46 2,77 3,02 GEV
123.29 Svarttjørnbekken 3,04 42 1,91 1,16 628 383 1,64 1,29 1,47 1,63 1,80 1,92 2,02 2,14 2,22 GEV (mom)
55.5 Dyrdalsvatn 3,31 27 7,00 3,97 2115 1200 1,76 1,19 1,37 1,55 1,80 2,00 2,21 2,51 2,75 GEV (max)
39.1 Tysvær 3,34 37 0,72 0,64 216 190 1,14 1,20 1,32 1,43 1,56 1,64 1,72 1,80 1,85 Gam(mom)
3.11 Sagstubekken 3,39 21 1,31 0,80 386 237 1,63 1,35 1,62 1,85 2,14 2,34 2,53 2,73 2,85 Gam(mom)
3.33 Guthusbekken 3,62 7 1,06 0,88 293 243 1,21 1,12 1,19 1,24 1,29 1,33 1,35 1,38 1,40 GEV (mom)
211.3 Tredjevatn 3,95 15 3,92 3,05 993 773 1,28 1,39 1,69 1,97 2,30 2,54 2,76 3,00 3,13 Gam(mom)
85.3 Svartebotten 4,38 21 6,86 4,29 1566 980 1,60 1,18 1,31 1,42 1,56 1,66 1,74 1,84 1,89 Logn.
68.1 Kløvtveitvatn 4,47 34 2,48 2,33 554 521 1,06 1,18 1,28 1,35 1,44 1,49 1,54 1,59 1,62 Gauss
19.79 Gravå 6,31 34 2,56 1,44 406 228 1,78 1,30 1,54 1,77 2,07 2,29 2,51 2,81 3,03 Gumbel (mom)
8.6 Sæternbekken 6,33 34 3,50 1,68 552 266 2,08 1,43 1,78 2,11 2,55 2,87 3,20 3,63 3,95 Gumbel (mom)
16.66 Grosettjern 6,48 43 1,65 1,43 254 221 1,15 1,25 1,46 1,67 1,95 2,17 2,40 2,70 2,94 GEV (mom)
150.1 Sørra 6,6 44 6,25 3,10 947 469 2,02 1,33 1,59 1,85 2,18 2,42 2,67 2,99 3,24 Gum(mom)
11.4 Elgtjern 6,74 29 1,75 1,48 260 219 1,18 1,28 1,52 1,74 2,02 2,24 2,45 2,73 2,95 Gumbel (mom)
46.9 Fønnerdalsvatn 7,01 27 11,08 6,99 1580 997 1,58 1,34 1,61 1,88 2,22 2,47 2,73 3,07 3,32 Gum(mom)
6.10 Gryta 7,05 43 2,03 1,49 288 212 1,36 1,31 1,62 1,96 2,45 2,86 3,31 3,98 4,54 GEV (max)
81.1 Hersvikvatn 7,13 27 1,92 1,79 269 251 1,07 1,19 1,28 1,34 1,41 1,44 1,47 1,49 1,51 GEV (mom)
42.16 Fjellhaugen 7,22 15 15,45 7,76 2140 1075 1,99 1,18 1,33 1,48 1,66 1,80 1,94 2,12 2,26 Gum(mom)
160.6 Navnløsvatn 7,34 15 7,01 6,27 955 854 1,12 1,40 1,72 2,03 2,44 2,74 3,04 3,44 3,74 Gmb.(mom)
180.1 Grønlivatn 7,41 20 4,61 3,36 622 453 1,37 1,14 1,25 1,36 1,50 1,61 1,71 1,85 1,95 Gum(mom)
16.154 Brusetbekken 7,44 21 3,03 1,99 407 267 1,52 1,32 1,46 1,57 1,67 1,73 1,77 1,81 1,84 GEV (mom)
185.1 Gåslandsvatn2 7,6 32 2,44 2,30 321 303 1,06 1,24 1,40 1,54 1,72 1,83 1,94 2,08 2,17 Gev(mom)
39.2 Kallandsvatnet 7,68 6 1,69 1,59 221 207 1,06 1,13 1,26 1,38 1,54 1,66 1,78 1,93 2,05 Gum(max)
76.15 Bruvollelvi 8,2 15 5,01 4,19 611 511 1,19 1,18 1,29 1,39 1,50 1,57 1,64 1,72 1,77 Gev(mom)
86.23 Breelva 8,27 18 8,88 6,55 1070 790 1,35 1,24 1,41 1,55 1,72 1,83 1,93 2,05 2,11 Gam(mom)
123.28 Hokfossen 8,35 28 3,53 2,36 423 282 1,50 1,24 1,36 1,45 1,55 1,60 1,65 1,69 1,72 GEV (max)
80.4 Ullebøelv 8,39 26 15,80 9,16 1450 957 1,52 1,21 1,33 1,43 1,53 1,59 1,65 1,71 1,75 Gev(mom)
19.82 Rauåna 8,93 31 6,96 3,43 779 384 2,03 1,35 1,61 1,84 2,13 2,32 2,50 2,70 2,82 Gamma (mom)
46.7 Brakhaug 9,25 29 14,74 9,17 1593 991 1,61 1,13 1,24 1,36 1,52 1,65 1,78 1,96 2,10 Gev(mom)
122.23 Klett 9,56 12 6,11 3,46 639 362 1,76 1,24 1,39 1,53 1,69 1,80 1,90 2,01 2,07 Gam(mom)
26.64 Rekedalselv 10,1 13 11,09 6,76 1098 669 1,64 1,38 1,67 1,93 2,25 2,48 2,68 2,91 3,04 Gamma (mom)
84.19 Sygnesandselva 10,5 14 16,87 7,65 1607 728 2,21 1,29 1,45 1,57 1,71 1,80 1,88 1,96 2,01 Logn.
36.12 Fossåna 10,7 11 16,54 9,09 1545 849 1,82 1,21 1,34 1,45 1,57 1,64 1,71 1,79 1,84 Gev(mom)
48.2 Raundalsvatn 10,8 14 12,91 8,93 1196 827 1,45 1,27 1,49 1,70 1,97 2,17 2,37 2,64 2,84 Gum(mom)
12.212 Hangtjern 11,6 25 3,46 2,50 299 215 1,39 1,30 1,43 1,52 1,61 1,65 1,69 1,73 1,74 GEV (mom)
37.27 Breiborgvatn 12,4 15 11,98 8,91 966 718 1,34 1,21 1,38 1,54 1,75 1,91 2,07 2,28 2,43 Gum(mom)
170.5 Kaldvågvatn 12,76 12 6,49 5,77 508 452 1,12 1,52 1,92 2,29 2,73 3,04 3,34 3,71 3,97 Weib
63.12 Fjellanger 12,8 17 18,34 10,15 1433 793 1,81 1,24 1,43 1,62 1,87 2,05 2,24 2,48 2,67 Gev(mom)
2.590 Vikka 13,1 14 1,62 0,97 124 74 1,68 1,21 1,39 1,56 1,79 1,96 2,12 2,34 2,51 Gumbel (max)
104.22 M.Mardalsvatn 13,7 27 10,66 8,30 778 606 1,28 1,23 1,45 1,67 2,00 2,26 2,55 2,95 3,29 Gev(mom)
211.2 Andrevatn 13,8 15 9,02 7,35 654 533 1,23 1,20 1,33 1,44 1,56 1,64 1,71 1,79 1,84 GEV(mom)
19.80 Stigvassåi 14 39 9,75 5,96 696 426 1,64 1,37 1,67 1,97 2,37 2,67 2,98 3,39 3,71 GEV (mom)
211.1 Langfjordhamn 14,9 19 9,15 7,62 614 511 1,20 1,19 1,30 1,38 1,47 1,52 1,57 1,62 1,65 GEV(mom)
157.5 Silavatn 15,0 6 28,11 19,99 1874 1333 1,41 1,34 1,52 1,67 1,83 1,94 2,04 2,16 2,24 Weibul(max)
86.7 Bortne 15,9 15 38,61 19,56 2428 1230 1,97 1,27 1,45 1,61 1,80 1,94 2,05 2,18 2,26 Gam(mom)
70.7 Tistel 15,9 16 11,45 6,54 720 411 1,75 1,29 1,53 1,76 2,05 2,28 2,50 2,79 3,01 Gum(max lik)
61.8 Kaldåen 16,1 22 40,16 15,83 2495 983 2,54 1,35 1,71 2,08 2,60 3,04 3,50 4,18 4,75 GEV (mom)
157.3 Vassvatn 16,3 25 20,45 15,48 1254 950 1,32 1,31 1,53 1,72 1,96 2,12 2,27 2,43 2,52 Gam(mom)
73.14 Valdresdøla 16,4 8 6,60 5,41 402 330 1,22 1,20 1,36 1,51 1,71 1,86 2,01 2,21 2,36 Gum(mom)
114.1 Myra 16,5 22 21,00 11,15 1273 676 1,88 1,17 1,28 1,37 1,48 1,55 1,62 1,68 1,72 Gam(mom)
2.469 Skvaldra øvre 16,5 7 15,02 13,87 910 841 1,08 1,35 1,64 1,92 2,27 2,54 2,81 3,16 3,43 Gumbel (mom)
151.12 Østre fiskelausvatn 17 13 4,95 4,69 291 276 1,06 1,18 1,32 1,45 1,63 1,76 1,90 2,07 2,20 Gumbel (mom)
176.1 Myklebostad 17,6 13 14,45 10,53 821 599 1,37 1,24 1,42 1,59 1,80 1,95 2,09 2,25 2,34 Lognor.
18.12 Skardavatn 17,6 6 1,57 1,56 89 89 1,00 1,21 1,34 1,46 1,59 1,69 1,78 1,90 1,98 Gamma (mom)
161.6 Staupåga 18,4 16 10,96 7,84 596 426 1,40 1,19 1,34 1,48 1,67 1,81 1,95 2,13 2,27 Gmb.(mom)
178.1 Langvatn 18,5 33 10,25 8,91 554 482 1,15 1,19 1,35 1,50 1,69 1,84 1,99 2,18 2,32 Gum(mom)
37.8 Buer 18,7 9 38,86 20,34 2078 1088 1,91 1,19 1,32 1,42 1,55 1,63 1,71 1,79 1,83 Gam(mom)
19.78 Grytå 18,7 22 9,05 6,23 484 333 1,45 1,29 1,49 1,67 1,88 2,03 2,16 2,31 2,39 Gamma (mom)
172.7 Leirpoldvatn 18,8 29 27,37 17,84 1456 949 1,53 1,34 1,51 1,66 1,82 1,92 2,01 2,11 2,16 Gauss
21.47 Lislefjødd 19 30 15,72 8,91 827 469 1,76 1,44 1,81 2,15 2,57 2,87 3,14 3,45 3,62 Gamma (mom)
197.8 Ersfjord 19,3 14 15,91 10,94 824 567 1,45 1,27 1,49 1,70 1,97 2,18 2,38 2,65 2,85 Gum(mom)
230.1 Nordmannset 19,3 39 10,08 7,69 522 398 1,31 1,33 1,58 1,80 2,07 2,25 2,42 2,60 2,71 Gam(mom)
160.7 Skauvoll 19,8 16 18,02 13,93 910 703 1,29 1,19 1,34 1,48 1,67 1,82 1,96 2,14 2,28 Gum(mom)
42.6 Baklihøl 19,9 27 53,81 28,39 2704 1426 1,90 1,17 1,31 1,44 1,61 1,74 1,87 2,04 2,17 Gum(mom)
126.2 Engstad 20,03 19 15,52 9,21 775 460 1,68 1,31 1,45 1,56 1,67 1,73 1,78 1,83 1,86 GEV (mom)
36.32 Lauvastøl 20,5 18 27,58 16,01 1345 781 1,72 1,23 1,38 1,51 1,67 1,77 1,87 1,97 2,03 Gam(mom)
84.12 Ytste Langvatn 20,9 21 12,91 11,91 618 570 1,08 1,24 1,40 1,54 1,71 1,82 1,92 2,03 2,10 Gamma (mom)
68.2 Havelandselv 21 11 46,47 25,24 2213 1202 1,84 1,22 1,41 1,58 1,81 1,98 2,15 2,37 2,54 Gum(mom)
172.8 Rauvatn 21,6 17 9,33 8,78 432 407 1,06 1,30 1,50 1,69 1,91 2,06 2,20 2,35 2,44 Gam.(mom)
237.1 Båtsfjord 21,9 23 5,69 5,16 260 236 1,10 1,18 1,29 1,38 1,49 1,57 1,63 1,70 1,74 Gam(mom)
8.8 Blomsterkroken 22,2 27 9,2 6,1 413 275 2,00 1,26 1,56 1,88 2,36 2,78 3,25 3,98 4,61 GEV (mom)
159.5 Strømdalen 22,4 28 37,70 20,39 1683 910 1,85 1,23 1,38 1,51 1,66 1,76 1,86 1,96 2,02 Gam(mom)
35.9 Osali 22,6 22 21,17 17,40 937 770 1,22 1,18 1,31 1,42 1,56 1,65 1,74 1,83 1,89 Lognormal
2.10 Sogna 23 14 9,935 6,367 432 277 1,56 1,4 1,9 2,6 3,7 4,9 6,3 8,8 11,2 GEV (mom)
12.150 Buvatn 23,3 32 4,06 3,88 174 166 1,05 1,27 1,46 1,63 1,82 1,96 2,08 2,22 2,29 Gamma (mom)
109.35 Håkådalselv 23,6 19 18,83 13,38 798 567 1,41 1,39 1,71 2,01 2,40 2,70 2,99 3,38 3,67 Gum(mom)
99.17 Rødøla 23,6 13 14,84 9,27 629 393 1,60 1,32 1,58 1,84 2,16 2,40 2,65 2,97 3,21 Gum(mom)
86.12 Skjerdalselv 23,7 26 39,52 24,44 1668 1031 1,62 1,28 1,47 1,64 1,84 1,97 2,10 2,24 2,31 Gam(mom)
74.16 Langedalen 23,8 31 14,18 10,16 596 427 1,40 1,27 1,41 1,52 1,65 1,73 1,80 1,88 1,92 Gauss
165.6 Strandå 23,9 19 18,94 15,12 793 633 1,25 1,27 1,48 1,67 1,92 2,10 2,27 2,50 2,67 Gev(mom)
111.10 Nauståa 24,9 32 28,74 15,83 1154 636 1,82 1,29 1,65 2,06 2,70 3,29 3,97 5,05 6,03 GEV(ekstrem)
2.36 Øvre Heimdalsvatn 24,9 11 7,153 5,546 287 223 1,29 1,403 1,722 2,018 2,387 2,655 2,915 3,251 3,5 Gamma (mom)
41.7 Blomstølvatn 25,6 17 51,17 32,46 1999 1268 1,58 1,27 1,45 1,61 1,80 1,93 2,05 2,18 2,25 Gam(mom)
91.2 Dalsbøvatn 25,6 28 12,21 10,87 477 425 1,12 1,20 1,37 1,53 1,73 1,89 2,04 2,24 2,40 Gum(mom)
73.21 Frostdalen 25,7 21 13,97 11,88 544 462 1,18 1,38 1,68 1,97 2,33 2,60 2,87 3,22 3,48 Gev(mom)
51.3 Osseter 26,5 15 15,63 13,27 590 501 1,18 1,28 1,48 1,65 1,86 2,00 2,13 2,27 2,35 Gamma (mom)
168.3 Lakså bru 26,7 21 37,83 26,35 1417 987 1,44 1,50 1,90 2,28 2,78 3,16 3,53 4,02 4,39 Gum(mom)
2.592 Fokstua 27,2 19 8,77 5,61 323 206 1,56 1,26 1,52 1,78 2,15 2,45 2,77 3,22 3,59 GEV
41.8 Hellaugvatn 27,2 27 35,73 25,51 1314 938 1,40 1,27 1,44 1,58 1,75 1,85 1,95 2,06 2,13 Gev(mom)
26.21 Sandvatn 27,5 38 16,04 13,32 583 484 1,20 1,20 1,36 1,51 1,71 1,86 2,01 2,21 2,36 Gumbel (mom)
76.11 Vigdøla 27,9 22 22,36 13,14 801 471 1,70 1,22 1,39 1,56 1,78 1,94 2,11 2,32 2,48 Gum(max)
174.3 Øvstevatn 28,4 31 15,49 11,03 545 389 1,40 1,28 1,48 1,65 1,86 2,00 2,13 2,27 2,36 Gam(mom)
74.24 Nysetvatn 29,4 18 13,03 11,20 443 381 1,16 1,34 1,47 1,56 1,64 1,69 1,72 1,75 1,76 Gev(mom)
177.4 Sneisvatn 29,6 20 26,77 20,23 904 684 1,32 1,12 1,18 1,23 1,28 1,32 1,35 1,37 1,39 Gauss
75.20 Åsetvatn 29,7 10 13,63 12,63 459 425 1,08 1,17 1,27 1,37 1,49 1,58 1,66 1,77 1,85 Logn
109.27 Råhamran 30,0 13 12,18 10,49 406 350 1,16 1,32 1,49 1,62 1,78 1,88 1,97 2,08 2,15 Weib.
234.4 Smalfjord 30 22 3,89 3,79 130 126 1,03 1,27 1,45 1,61 1,81 1,94 2,06 2,19 2,26 Gam(mom)
79.3 Nessedalselv 30,1 28 24,23 16,61 805 552 1,46 1,22 1,40 1,57 1,79 1,96 2,12 2,34 2,50 Gum(mom)
73.27 Sula 30,4 29 12,88 10,71 424 352 1,20 1,28 1,52 1,74 2,03 2,24 2,43 2,66 2,80 Logn.
26.26 Jogla 31,1 40 39,81 19,44 1280 625 2,05 1,23 1,46 1,70 2,03 2,30 2,59 3,00 3,34 GEV (max)
168.2 Mørsvik bru 31,3 26 18,78 15,86 600 507 1,18 1,30 1,54 1,78 2,08 2,30 2,53 2,83 3,05 Gum(mom)
42.2 Djupevad 32 41 65,70 33,78 2053 1056 1,94 1,18 1,36 1,55 1,83 2,06 2,32 2,69 3,01 Gev(mom)
30.6 Norddal 32,70 7 30,8 20,4 943 624 1,51 1,33 1,60 1,85 2,19 2,44 2,68 3,01 3,26 Gum(mom)
16.132 Gjuvå 33,1 24 12,05 8,70 364 263 1,38 1,26 1,40 1,52 1,63 1,70 1,76 1,83 1,87 GEV (mom)
157.4 Flostrand 33,2 21 56,00 38,84 1687 1170 1,44 1,22 1,39 1,56 1,78 1,94 2,10 2,32 2,48 Gum(mom)
16.108 Gjevarvatn 33,3 16 9,22 8,61 277 259 1,07 1,21 1,34 1,47 1,61 1,70 1,79 1,90 1,97 GEV (max)
88.15 Grasdøla 34,4 17 14,59 11,68 424 340 1,25 1,10 1,17 1,25 1,35 1,42 1,49 1,59 1,66 Gum(mom)
36.13 Grimsvatn 34,4 37 45,61 29,81 1326 867 1,53 1,19 1,32 1,43 1,58 1,67 1,77 1,87 1,92 Logn.
84.30 Lunde 34,4 13 31,69 24,99 921 726 1,27 1,31 1,47 1,61 1,75 1,85 1,93 2,02 2,07 gauss
16.189 Bjørntjønn 34,7 20 10,40 8,69 300 250 1,20 1,21 1,40 1,60 1,86 2,07 2,29 2,60 2,84 GEV (max)
15.72 Sørkja 36,3 7 14,39 7,39 396 204 1,95 1,50 1,95 2,37 2,91 3,29 3,64 4,03 4,26 Gamma (mom)
163.7 Kjemåvatn 36,7 43 10,67 10,31 291 281 1,03 1,21 1,32 1,41 1,51 1,57 1,63 1,68 1,72 Gauss
156.24 Bogvatn 37,3 22 22,83 20,67 612 554 1,10 1,18 1,27 1,35 1,43 1,48 1,53 1,58 1,60 Gauss
16.112 Byrteåi 37,3 25 81,86 31,16 2195 835 2,87 1,66 2,11 2,54 3,10 3,52 3,94 4,49 4,91 Gauss
2.1 Hådammen 38,9 14 9,17 7,89 236 203 1,16 1,19 1,33 1,46 1,62 1,74 1,85 2,00 2,10 GEV (mom)
19.107 Lilleelv 39,2 18 13,44 11,87 343 303 1,13 1,27 1,42 1,54 1,67 1,75 1,81 1,89 1,93 GEV (max)
117.4 Valen 39,3 30 11,35 10,60 289 270 1,07 1,29 1,52 1,75 2,04 2,26 2,47 2,76 2,98 Gum(mom)
101.1 Engsetvatn 39,9 21 11,03 10,71 277 268 1,03 1,27 1,48 1,69 1,96 2,16 2,36 2,63 2,83 Gum(mom)
96.3 Hareidselv 40,2 19 19,62 13,91 488 346 1,41 1,22 1,40 1,56 1,76 1,91 2,06 2,25 2,39 Gev(mom)
78.8 Bøyumselv 40,4 29 36,30 22,75 899 563 1,60 1,27 1,48 1,69 1,95 2,15 2,35 2,62 2,82 Gum(maks)
62.16 Kvitno 41,6 16 55,57 30,53 1336 734 1,82 1,25 1,45 1,65 1,90 2,09 2,27 2,52 2,71 Gum(mom)
62.14 Slondalsvatn 41,7 21 29,53 22,76 708 546 1,30 1,24 1,43 1,61 1,85 2,03 2,21 2,44 2,62 Gum(mom)
16.122 Grovåi 42,7 37 20,93 14,70 490 344 1,42 1,28 1,47 1,64 1,84 1,98 2,11 2,25 2,33 Gamma (mom)
156.27 Leiråga 44,1 35 50,90 33,68 1154 764 1,51 1,19 1,30 1,38 1,46 1,51 1,55 1,60 1,63 Gev(mom)
103.20 Morstøl bru 44,4 39 32,84 21,88 740 493 1,50 1,43 1,78 2,12 2,56 2,89 3,21 3,64 3,97 Gum(mom)
2.323 Fura 45,2 40 14,40 9,92 319 220 1,45 1,16 1,30 1,44 1,61 1,74 1,87 2,04 2,17 Gumbel (max)
35.16 Djupadalsvatn 45,4 22 32,95 28,43 726 626 1,16 1,28 1,50 1,72 2,00 2,21 2,42 2,69 2,90 Gum(mom)
2.299 Sulheim 45,5 12 16,41 11,03 361 242 1,49 1,29 1,52 1,74 2,03 2,25 2,47 2,75 2,97 Gumbel
234.14 Cærrogasjokka 45,9 15 9,61 7,61 209 166 1,26 1,41 1,75 2,07 2,48 2,79 3,10 3,51 3,82 Gum(mom)
75.23 Krokenelv 46,2 47 39,45 23,98 854 519 1,64 1,32 1,65 1,98 2,43 2,77 3,10 3,49 3,73 logn.
36.9 Middal 46,3 29 31,28 22,27 676 481 1,40 1,18 1,30 1,40 1,53 1,62 1,70 1,79 1,84 Logn.
25.8 Mygland 46,9 8 36,00 23,20 768 495 1,55 1,21 1,30 1,36 1,41 1,44 1,46 1,48 1,50 GEV (mom)
186.2 Ånesvatn 47 33 14,31 13,80 304 294 1,04 1,27 1,49 1,70 1,97 2,17 2,37 2,64 2,84 Gum(mom)
2.616 Kuggerud 47,5 34 6,79 5,88 143 124 1,16 1,22 1,47 1,75 2,16 2,52 2,93 3,55 4,09 GEV
124.15 Børstad 47,75 17 30,09 17,59 1450 957 1,52 1,40 1,72 2,03 2,44 2,74 3,04 3,43 3,73 Gum(mom)
75.28 Feigumfoss 48 37 17,56 15,68 366 327 1,12 1,12 1,20 1,26 1,33 1,38 1,42 1,46 1,49 Gam(mom)
153.1 Storvatn 48,1 40 46,47 40,88 966 850 1,14 1,24 1,39 1,52 1,66 1,76 1,85 1,96 2,03 Gev(mom)
25.32 Knabåni 49,2 16 57,51 30,88 1169 628 1,86 1,19 1,34 1,49 1,68 1,82 1,97 2,15 2,30 Gum(mom)
16.127 Viertjern 49,3 26 15,64 12,76 317 259 1,23 1,26 1,44 1,60 1,78 1,91 2,02 2,16 2,26 GEV (max)
55.4 Røykenes 50,1 31 63,60 47,49 1269 948 1,34 1,24 1,42 1,60 1,82 2,00 2,17 2,39 2,56 Gumbel (max)
48.4 Jordal 51,3 18 42,71 30,96 832 603 1,38 1,20 1,42 1,67 2,04 2,36 2,72 3,28 3,76 GEV (mom)
12.13 Rysna 51,8 33 22,76 14,62 439 282 1,56 1,32 1,55 1,76 2,01 2,18 2,33 2,51 2,61 Gam(mom)
12.193 Fiskum 51,9 32 13,80 10,86 266 209 1,27 1,33 1,61 1,87 2,21 2,46 2,71 3,04 3,30 Gumbel (mom)
2.288 Harasjøen 52,8 34 8,317 7,993 158 151 1,04 1,334 1,637 1,939 2,346 2,664 2,992 3,444 3,80 Lognormal
26.29 Refsvatn 53 34 44,23 32,14 834 606 1,38 1,22 1,36 1,48 1,63 1,73 1,81 1,91 1,96 Gamma (mom)
159.3 Engabrevatn 53,3 19 40,25 35,95 755 674 1,12 1,19 1,34 1,49 1,68 1,82 1,96 2,15 2,29 Gum(mom)