Nr,version,Navn,Areal (km2),Dailydata_Start,Dailydata_Slutt,Dailydata_Utlatt,Dailydata_N,Findata_Start,Findata_Slutt,Findata_Utelatt,Findata_N,RN,HN,Nedlagt.regulert
1.37,1,Kirkevatn,695,1914,1927,"",14,,,"",,1,37,
100.1,1,Alstad,226.31,1984,2015,"",32,1999,2015,"2008, 2013, 2014",14,100,1,
101.1,1,Engsetvatn,39.93,1924,2015,"",92,1991,2015,"",25,101,1,
102.1,1,Hildreelv,14.25,2007,2015,"",9,2007,2015,"",9,102,1,
103.1,2,Storhølen,435.51,1972,2015,"",44,1986,2015,1991,29,103,1,
103.21,1,Krossan,156,1973,1990,1976:1979,14,1985,1990,"",6,103,21,
103.3,2,Stuguflåten,377.02,1972,2015,"1993, 1994, 1995, 1996, 1997, 2010, 2012, 2013",36,1983,2015,"1986, 1987, 1993:1997, 2003, 2010, 2012, 2013",22,103,3,
103.40,1,Rauma v/Horgheim,1099.42,1913,2015,2012,102,1986,2015,2012,29,103,40,
103.6,1,Grøtta bru,"78,8",1917,1930,"",14,,,"",,103,6,
104.1,1,Lille Eikesdalsvatn,801.44,1907,1955,"",49,,,"",,104,1,
104.22,1,Midtre Mardalsvatn,13.68,1976,2015,2012,39,1976,2015,"1978, 1981:1987, 1996, 2012",30,104,22,
104.23,1,Vistdal,66.52,1976,2015,"",40,1976,2015,"",40,104,23,
105.1,2,Øren,137.59,1924,2015,"",92,1986,2015,1997,29,105,1,
109.1,1,Litledalselv,330,1913,1952,"",40,,,"",,109,1,
109.11,1,Vindal,161,1937,1951,"",15,,,"",,109,11,
109.12,1,Bruøy 1949-1966,474,1950,1990,"",41,1964,1990,"",27,109,12,
109.19,1,Ångårdsvatn,"88,5",1964,1972,"",9,,,"",,109,19,
109.21,1,Svoni,136.02,1970,2015,1995:1996,44,1981,2015,"1982:1985, 1991, 1995:1997, 2000",26,109,21,
109.29,1,Dalavatn,85.44,1975,2015,2013,40,1975,2015,"1977, 2013",39,109,29,
109.31,1,Grøli 1980-1983,108,1981,1993,"",13,1985,1993,1990,8,109,31,
109.35,1,Håkådalselv,23.62,1988,2014,2007:2008,25,1988,2014,"1990, 1994, 1998, 2001, 2003, 2007, 2008",20,109,35,
109.4,1,Gjevilvatn,169,1922,1950,"",29,,,"",,109,4,
109.42,1,Elvehøy Bru,2437.41,1908,1972,"",65,,,"",,109,42,R
109.9,1,Risefoss,745.38,1936,2015,"",80,1979,2015,"",37,109,9,
11.4,1,Elgtjern,6.63,1976,2007,1995,31,1977,2007,"1979, 1995",29,11,4,
111.1,1,Innerdalsvatn,"72,6",1967,1987,"",21,1986,1987,"",,111,1,
111.10,1,Nauståa,24.79,1979,2015,2008:2010,34,1979,2015,"1993, 1999, 2008:2010",32,111,10,
111.3,1,Todalselv,205,1908,1937,"",30,,,"",,111,3,
111.9,1,Søya,137.63,1975,2015,"",41,1975,2015,"1978, 1993, 1999, 2005, 2007",36,111,9,
112.3,1,Svorka,"83,3",1921,1961,1926:1939,27,,,"",,112,3,
112.5,1,Løsetli,196,1958,1967,"",10,,,"",,112,5,
112.6,1,Sjursberget,168,1958,1969,"",12,,,"",,112,6,
114.1,1,Myra,16.46,1989,2015,"1991, 2005",25,1989,2015,"1991:1993, 1995, 2000, 2002, 2005, 2009, 2010",18,114,1,
12.106,1,Vikevatn,135,1919,1974,1926:1955,26,,,"",,12,106,
12.110,1,Ølsjø,793,1929,1947,"",19,,,"",,12,110,
12.113,2,Kråkefjord ndf.,702.16,1976,1988,"",13,1986,1988,"",3,12,113,
12.114,1,Garhammerfoss,492.53,1937,2015,1979:2006,51,2007,2015,"",9,12,114,
12.13,1,Rysna,50.76,1974,2015,2002,41,1974,2015,"1977, 1982:1985, 1990, 2002",35,12,13,
12.130,1,Flævatn,184,1947,1957,"",11,,,"",,12,130,
12.137,1,Gjærdeslåtten,774.58,1952,1956,"",5,,,"",,12,137,R
12.147,1,Brautemotjern,59.1,1957,1972,"",16,,,"",,12,147,
12.15,1,Strømstøa,4631.48,1906,1915,"",10,,,"",,12,15,
12.150,1,Buvatn,24.79,1963,2015,"2002, 2003, 2006:2010",46,1963,2015,"1964, 1972:1983, 1985, 1988, 1989, 2002, 2003, 2006:2010",30,12,150,
12.171,1,Hølervatn,79.75,1969,2015,"",47,1969,2015,"1973, 1978, 1985:1988",41,12,171,
12.178,1,Eggedal,309.77,1972,2015,"",44,1972,2015,"1973, 1974, 2011",41,12,178,
12.183,1,Ala 1976-1987,26.6,1974,1985,"",12,1974,1984,"1976, 1979",9,12,183,
12.193,1,Fiskum,51.6,1977,2015,"",39,1980,2015,"1981, 1983, 2001",33,12,193,
12.197,1,Grunke,184.46,1978,2015,"2001:2003, 2005",34,1978,2015,"1979, 1999, 2001:2003, 2005",32,12,197,
12.200,1,Kolbjørnshus,2064.45,1979,1987,"",9,1986,1987,"",2,12,200,
12.207,1,Vinde-elv,269.34,1982,2015,2002,33,1982,2015,"1991, 2002",32,12,207,
12.209,1,Urula,542.89,1985,2015,"",31,1986,2015,"1990, 2001, 2006",27,12,209,
12.212,1,Hangstjern,11.13,1987,2015,"",29,1987,2015,"",29,12,212,
12.215,1,Storeskar,119.43,1988,2015,"",28,1988,2015,"",28,12,215,
12.286,0,Jaren ndf.,113.26,1925,2015,"1939:1941, 1955, 1956, 1982, 1983, 1992:2007",68,1986,2015,1986:2024,14,12,286,
12.3,1,Hen,4843,1870,1903,"1872, 1873, 1875, 1886, 1887",29,,,"",,12,3,
12.64,1,Haugastøl,381,1911,1922,"",12,,,"",,12,64,
12.69,1,Randsfjord,3692,1870,1871,"",2,,,"",,12,69,
12.7,1,Høvsfjord,785,1919,1929,"",11,1929,1929,"",,12,7,
12.70,1,Etna,570.17,1920,2015,"",96,1983,2015,"",33,12,70,
12.77,1,Slidrefjord 1907-1948,763,1908,1944,"",37,,,"",,12,77,
12.8,1,Grønvold Bru,933.48,1964,1987,1976:1978,21,,,"",,12,8,
12.80,1,Strandefjord,1796,1908,1918,"",11,,,"",,12,80,
12.95,1,Ustedalsvatn,570,1909,1964,"",56,,,"",,12,95,
12.96,1,Oppsjø bru,1704,1918,1930,"",13,,,"",,12,96,
12.97,1,Bergheim,4248.54,1921,1934,"",14,,,"",,12,97,R
12.99,1,Skålfoss,5126.71,1891,1934,"",44,,,"",,12,99,
121.13,1,Grana,212.51,1962,1978,"",17,,,"",,121,13,
121.14,1,Svorksjøen,103.23,1965,1977,"",13,,,"",,121,14,
121.20,1,Åmot,282.36,1988,2015,1992:1993,26,1988,2015,1992:1993,26,121,20,
121.22,1,Syrstad,2278.13,1913,1939,"",27,,,"",,121,22,R
121.9,1,Næverdal,793.85,1967,1981,"",15,,,"",,121,9,
122.11,1,Eggafoss,654.24,1942,2015,2013,73,1966,2015,"1975:1985, 2013",38,122,11,
122.13,1,Økdalsmo bru,111.36,1964,1980,"",17,,,"",,122,13,
122.17,1,Hugdal Bru,546.17,1973,2015,"2001:2006, 2010",36,1973,2015,"2001:2006, 2010, 2013",35,122,17,
122.9,1,Gaulfoss,3086.41,1959,2015,1977:1987,46,1988,2015,1993:1994,26,122,9,
123.11,1,Kistafoss,1035.11,1931,1947,"",17,,,"",,123,11,
123.13,1,Stokke,1989.98,1916,1946,"",31,,,"",,123,13,
123.14,1,Fossan,278.96,1919,1939,"",21,,,"",,123,14,
123.24,1,Rotla bru,256.79,1964,1989,"",26,,,"",,123,24,
123.29,1,Svarttjørnbekken,3.42,2006,2015,"",10,2006,2015,"",10,123,29,
123.31,1,Kjelstad,145,1930,2015,"",86,1986,2015,"",30,123,31,
124.1,1,Floren 1912-1932,975.76,1914,1926,1915:1919,8,,,"",,124,1,
124.10,1,Mannseter,96.82,1963,1993,"",31,1989,1993,"",5,124,10,
124.11,1,Dalå,152.88,1963,1983,"",21,,,"",,124,11,
124.13,1,Feren,219.99,1969,2015,"1985:2006, 2008: 2014",18,2007,2015,2008:2014,2,124,13,
124.14,1,Trøa,181.98,1983,1993,"",11,1988,1993,1990,5,124,14,
124.15,1,Børstad,48.46,1992,2015,2005:2006,22,1992,2015,"1994, 1998, 2002, 2005, 2006, 2010",18,124,15,
124.2,1,Høggås Bru,494.72,1913,2015,"",103,1965,2015,"1974, 1977, 1979, 1991, 2014",46,124,2,
125.2,1,Fossing,163.37,1932,1965,"",34,,,"",,125,2,R
126.2,1,Engstad,20.03,1993,2015,2012:2014,20,1998,2015,"1999, 2002, 2004, 2012:2014",12,126,2,
127.11,1,Veravatn,176.13,1967,2015,"",49,1981,2015,"",35,127,11,
127.12,1,Innsvatn,97.6,1973,1991,"",19,1974,1991,"",18,127,12,
127.13,1,Dillfoss,479.64,1973,2015,"",43,1973,2015,"1991, 2002, 2006, 2008",39,127,13,
127.6,0,Grunnfoss,880.42,1952,2015,"",64,1989,2015,"",27,127,6,
127.7,1,Ådalsvollen 1933-1938,132.66,1910,1925,"",16,,,"",,127,7,
128.10,1,Navlusfoss,436.97,1981,1991,"",11,,,"",,128,10,
128.9,1,Leksdalsvatn,177.22,1972,2010,"",39,1989,2010,"",22,128,9,
132.3,1,Spakmo,245.85,1917,1930,"",14,,,"",,132,3,
132.4,1,Storvatn-Svartelva,147.97,1917,1958,"",42,,,"",,132,4,
133.7,1,Krinsvatn,206.61,1916,2015,"",100,1970,2015,"1984, 1989",44,133,7,
138.1,1,Øyungen,239.07,1917,2015,"",99,1977,2015,"1983, 1986",37,138,1,
139.11,1,Tunnsjøplass,472.21,1909,1940,"",32,,,"",,139,11,
139.13,1,Grongstadvatn,471.61,2004,2015,"",12,2004,2015,"",12,139,13,
139.15,1,Bjørnstad,1037.62,1935,1950,"",16,,,"",,139,15,R
139.20,1,Moen,64.03,1975,2015,"",41,1976,2015,1988,39,139,20,
139.25,1,Skjellbreivatn,546.35,1983,2015,"1985:1988, 2013, 2014",27,1989,2015,"1993, 1998, 2001, 2011, 2013, 2014",21,139,25,
139.35,1,Trangen,852.39,1979,2015,"",37,1990,2015,"",26,139,35,
139.5,1,Namsvatn,700,1909,1948,"",40,,,"",,139,5,
139.8,1,Fiskumfoss,3295.03,1908,1941,"",34,,,"",,139,8,
140.2,1,Salsvatn,431.9,1917,2015,"1942, 1948, 1970, 1975",95,1989,2015,2014,26,140,2,
142.1,1,Aunvatn,87.29,1984,2015,"",32,1984,2015,1987:1988,30,142,1,
144.1,1,Åbjørvatn,388.95,1909,1949,"",41,,,"",,144,1,R
148.1,1,Strompdal,192.78,1909,1953,"",45,,,"",,148,1,
148.2,1,Mevatnet,108.47,1974,2015,"",42,1974,2015,1994:1998,37,148,2,
15.1,1,Labru 1873-1899,4290,1874,1907,1876:1895,14,,,"",,15,1,
15.174,1,Istreelva vannstand,25.58,2009,2015,2011,6,2009,2015,2011,6,15,174,
15.18,1,Bommestad bru 1879-1916,5541,1880,1915,"",36,,,"",,15,18,
15.19,1,Fønnebøfjord,688,1931,1966,"",36,,,"",,15,19,
15.21,1,Jondalselv,125.9,1920,2015,"",96,1995,2015,"",21,15,21,
15.49,1,Halledalsvatn,59.13,1963,2015,"",53,1963,2015,"1970, 1971, 1974, 1976, 1982, 1992",47,15,49,
15.52,1,Smådøla,98.4,1966,1981,"",16,,,"",,15,52,
15.53,0,Borgåi,94.07,1967,2015,"",49,2000,2015,2002,15,15,53,
15.55,1,Økta,49.5,1967,1981,"",15,1967,1980,"1968, 1970, 1973, 1976",10,15,55,
15.62,0,Hagnes,245,1971,1987,1985:1986,15,,,"",,15,62,
15.72,1,Sørkja,36.2,1980,1990,"",11,1985,1990,1987,5,15,72,
15.79,0,Orsjoren,1177.29,1956,2015,"",60,2000,2015,2004,15,15,79,
150.1,1,Sørra,6.58,1953,2015,"1973:1976, 1982, 1985:1988, 2003, 2013",52,1953,2015,"1973:1976, 1982, 1985:1988, 2003, 2013",52,150,1,
150.3,1,Tormodsvoll,6.47,1954,1972,"",19,,,"",,150,3,
151.12,1,Østre Fiskelausvatn,15.41,1968,1989,"",22,1968,1981,1976,13,151,12,
151.15,1,Nervoll,653.36,1969,2015,"",47,1969,2015,1971,46,151,15,
151.16,1,Eiteråfoss,139.83,1969,1987,"",19,,,"",,151,16,
151.17,1,Fiplingvatn,264.68,1969,1985,"",17,,,"",,151,17,
151.20,1,Fosstun,588.83,1973,1995,1992:1993,21,1988,1995,"1990, 1992, 1993",5,151,20,
151.21,1,Joibakken,2623.11,1973,2015,"",43,1989,2015,"1992, 2001",25,151,21,
151.28,1,Laksfors,3653.4,1909,2015,1930:1952,84,1989,2015,"2010, 2013",25,151,28,
151.4,1,Hatfjelldal,1828.62,1909,1924,"",16,,,"",,151,4,
151.6,1,Fiplingkroken,309.03,1920,1930,"",11,,,"",,151,6,
151.65,1,Stor-Svenningvatnet,189.59,2012,2015,"",4,2012,2015,"",4,151,65,
151.9,1,Unkervatn,765,1930,1990,"",61,1989,1990,"",2,151,9,
152.4,0,Fustvatn,525.69,1909,2015,"",107,1975,2015,"1981:1988, 1991",32,152,4,
153.1,1,Storvatn,48,1917,2015,"",99,1972,2015,"",44,153,1,
155.11,1,Stemtjern,11.34,1969,1990,"",22,1989,1990,"",2,155,11,
155.13,1,Elvestad,193.72,1974,1989,"",16,1989,1989,"",1,155,13,
155.2,0,Tustervatn,1504.35,1905,1951,1950,46,,,"",,155,2,
155.27,1,Lendingosen,159.03,1994,2012,"",19,1994,2012,2000,18,155,27,
155.5,1,Lille Målvatn,274.38,1909,1966,"",58,,,"",,155,5,
155.6,1,Sjøfoss,1880.85,1928,1958,"",31,,,"",,155,6,
155.7,1,Bleikingen,191.9,1957,1966,"",10,,,"",,155,7,
156.10,1,Berget,210.63,1951,2015,"",65,1998,2015,2009,17,156,10,
156.13,1,Bjørnfoss,306.1,1955,1992,"",38,1987,1992,"",6,156,13,
156.15,1,Forsbakk,56.04,1974,2015,2006:2007,40,1974,2015,"1979:1988, 2006, 2007",30,156,15,
156.17,1,Virvatn,79.06,1967,2013,"1970, 2012",45,1989,2013,"1990, 2001, 2005, 2012",21,156,17,
156.18,1,Blerek,78.41,1967,1987,"",21,,,"",,156,18,
156.20,1,Nylaenget,374.55,1968,1983,"",16,,,"",,156,20,
156.22,1,Ramnåga,68.32,1971,1987,"",17,1985,1987,"",3,156,22,
156.24,1,Bogvatn,36.21,1971,2015,"",45,1971,2015,"1977:1979, 1983, 1985, 2010",39,156,24,
156.27,1,Leiråga,44.09,1975,2015,"1976, 1998:2000",37,1975,2015,"1976, 1989, 1998:2000",36,156,27,
156.34,0,Søndre Bjøllåvatn,157.26,1971,1993,1992,22,,,"",,156,34,
156.4,1,Nevernes,1904.14,1909,1980,"",72,,,"",,156,4,
156.5,0,Reinfosshei,3160.32,1909,1925,"",17,,,"",,156,5,
156.8,1,Svartisdal,121.98,1961,2015,"",55,1968,2015,"1971:1983, 1985:1988, 1990, 1996, 1998, 2009",27,156,8,
156.9,0,Krokstrand,792.69,1938,1970,"",33,,,"",,156,9,
157.3,1,Vassvatn,16.33,1917,2015,"",99,1989,2015,"",27,157,3,
159.3,1,Engabrevatn,53.33,1974,1992,"",19,1974,1992,"",19,159,3,
159.4,1,Koppskjærelv,2.29,1971,1979,"",9,1971,1979,"",9,159,4,
16.10,1,Omnefoss,807.71,1922,1955,1927:1928,32,,,"",,16,10,R
16.108,1,Gjevarvatn,33.3,1966,1983,"",18,1967,1983,"1976, 1982",15,16,108,
16.109,1,Veisvikvatn,15.1,1966,1983,"1977, 1979:1981",14,1966,1983,"1970, 1976, 1977, 1979:1981",12,16,109,
16.122,1,Grovåi,42.69,1973,2015,"2001, 2005",41,1973,2015,"1976, 2001, 2005",40,16,122,
16.127,1,Viertjern,46.8,1980,2014,"1993, 1996:1999, 2011",29,1980,2014,"1986, 1993, 1996:1999, 2011",28,16,127,
16.132,1,Gjuvå,33.1,1982,2015,2003:2005,31,1982,2015,"2001, 2003:2005",30,16,132,
16.140,1,Kvenna,822.26,1987,2015,"1988:1995, 1998:2000, 2003, 2008, 2009",15,1996,2015,"1998:2000, 2003, 2008, 2009",14,16,140,
16.189,1,Bjørntjønn,34.62,1992,2015,"2000, 2006",22,1992,2015,"2000, 2006",22,16,189,
16.193,1,Hørte,156.65,1962,2015,"1976, 1991:1994, 1996:1999, 2002",44,2000,2015,2002,15,16,193,
16.194,1,Kilen,118.47,1972,2015,1999:2001,41,1991,2015,1999:2001,22,16,194,
16.32,1,Hjartsjø,215,1920,1957,"",38,,,"",,16,32,
16.37,1,Vinjevatn,907,1919,1955,"",37,,,"",,16,37,
16.51,1,Hagadrag,726.98,1912,1943,"",32,,,"",,16,51,R
16.66,1,Grosettjern,6.6,1950,2015,"",66,1953,2015,"1957, 1964:1974, 1981:1984",47,16,66,
16.75,1,Tannsvatn,118.28,1956,2015,"",60,1985,2015,"1986, 2011",29,16,75,
16.81,1,Bitdalsvatn,80.1,1956,1969,"",14,,,"",,16,81,
161.1,1,Ågnes,195.86,1913,1947,"",35,,,"",,161,1,
161.18,0,Vm Selfoss Bru,788.34,1917,1992,"",76,,,"",,161,18,R
161.3,0,Arstadfossen,198.8,1917,1962,"",46,,,"",,161,3,
161.6,1,Staupåga,18.47,1970,1988,"",19,1970,1988,"1972, 1973, 1983",16,161,6,
161.7,1,Tollåga,225.05,1973,2015,2010,42,1973,2015,"2001, 2006, 2009, 2010",39,161,7,
162.1,1,Oldereidvatn,49.93,1920,1952,"",33,,,"",,162,1,
162.3,0,Skarsvatn,145.39,1917,2015,"",99,1989,2015,1999,26,162,3,
163.10,0,Sauelv,127.06,1977,1988,"",12,,,"",,163,10,
163.5,1,Junkerdalselv,421.98,1938,2015,"",78,1978,2015,"1979, 1980, 1986, 1996, 2002",33,163,5,
163.6,1,Jordbrufjell,69.91,1946,2014,"2007, 2013",67,1964,2014,"2007, 2013",49,163,6,
163.7,1,Kjemåvatn,36.48,1970,2015,"",46,1970,2015,"1977, 1981, 2005",43,163,7,
163.8,1,Lønselv,344.7,1973,1988,1974:1976,13,1985,1988,"",4,163,8,
163.9,1,Russånes,1040.23,1975,1988,"",14,1975,1988,"",14,163,9,
165.13,1,Nye Strandå,24.06,2014,2015,"",2,2015,2015,"",1,165,13,
166.1,1,Lakshola,230.79,1917,1998,"",82,1988,1998,"",11,166,1,
166.13,1,Vallvatn,53.04,1962,2014,"",53,1988,2014,"",27,166,13,
166.3,1,Andkilvatn,249.24,1961,1971,"",11,,,"",,166,3,
167.2,1,Sørfjordvatn,109.31,1917,1986,"",70,1965,1984,"1968, 1973, 1975",17,167,2,
167.3,1,Kobbvatn,387.14,1917,1985,"",69,,,"",,167,3,R
167.4,1,Sjøfossen,73.82,1964,1983,"",20,,,"",,167,4,
168.1,1,Storvatn,71.3,1917,2014,"1991:2007, 2011",80,1959,2014,"1980, 1985:1988, 1991:2007, 2011",33,168,1,
168.2,1,Mørsvik Bru,31.23,1986,2015,"",30,1986,2015,"",30,168,2,
170.1,1,Rotvatn,242.08,1917,1943,"",27,,,"",,170,1,
171.3,1,Vasja,39.44,1972,1986,"",15,1972,1978,"",7,171,3,
171.4,1,Stabburselv,67.34,1972,1986,"",15,,,"",,171,4,
171.5,1,Draugselv,105.58,1972,1986,"",15,,,"",,171,5,
171.7,1,Ravggajokka,74.96,1977,2015,"1987:2010, 2012",14,,,"",,171,7,
172.5,1,Melkedal,92.15,1939,1956,"",18,,,"",,172,5,R
173.1,1,Kjårdaelv,71.03,1919,1938,"",20,,,"",,173,1,
173.22,1,Gamnes,797.59,1913,1972,1959:1961,57,,,"",,173,22,R
173.3,1,Sørelv Bru,371.68,1919,1972,"",54,,,"",,173,3,
173.8,1,Coarveij,62.83,1973,2013,"1994, 2000, 2006:2010",34,1989,2013,"1992, 1994, 2000, 2001, 2006:2010",16,173,8,
174.11,1,Taraldsvikelv,2.84,1994,2014,"1998, 1999, 2010",18,1994,2014,"1998, 1999, 2010",18,174,11,
174.3,1,Øvstevatn,28.44,1982,2015,"",34,1982,2015,2003,33,174,3,
174.9,1,Nygård,150.18,1922,1931,"",10,,,"",,174,9,
176.1,1,Myklebostad,17.79,1985,1998,1997,13,1985,1996,"1992, 1995",10,176,1,
177.4,1,Sneisvatn,29.25,1917,2015,"",99,1978,2015,"1985, 1987",36,177,4,
178.1,1,Langvatn,18.41,1954,2014,"",61,1978,2014,1980,36,178,1,
18.10,1,Gjerstad,236.23,1981,2015,"",35,1985,2015,1993:1994,29,18,10,
18.11,1,Tjellingtjernbekk,1.95,1982,2015,1988,33,1982,2015,1988,33,18,11,
18.4,1,Lundevatn,407.75,2009,2015,2012,6,2009,2015,"2010, 2012, 2014",4,18,4,
180.1,1,Grønlivatn,7.52,1990,2015,"1992, 1993, 1996, 1997",22,1990,2015,"1992, 1993, 1996, 1997",22,180,1,
185.1,1,Gåslandsvatn,7.7,1935,2015,2008,80,1978,2015,"1985, 1994, 2008, 2009",34,185,1,
189.1,1,Skodbergvatn,107.31,1929,1952,"",24,,,"",,189,1,
189.2,1,Øyvatn,47.42,1979,1989,"",11,,,"",,189,2,
189.3,1,Tennevikvatn,85.41,1979,2015,2014,36,1989,2015,"1994, 2011, 2014",24,189,3,
19.104,1,Songedalsåi,65.52,1981,2015,"",35,1981,2015,"",35,19,104,
19.107,1,Lilleelv,39.32,1986,2015,"1987:1997, 2002, 2007",17,1986,2015,"1987:1997, 2002, 2004, 2007",16,19,107,
19.57,1,Underberg Bru,253.67,1942,1950,"",9,,,"",,19,57,
19.63,1,Finndøla,387.87,1957,1962,"",6,,,"",,19,63,R
19.73,1,Kilåi Bru,64.37,1968,2015,2007,47,1968,2015,"1978, 1986, 1992, 1995, 2007",43,19,73,
19.76,1,Tovsliøytjønn,115,1970,2001,"",32,1985,2001,"",17,19,76,
19.78,1,Grytå,19.31,2000,2015,"",16,2000,2015,"",16,19,78,
19.79,1,Gravå,6.31,1971,2015,"",45,1971,2015,"1979, 1981:1984",40,19,79,
19.80,1,Stigvassåi,14.49,1973,2015,"",43,1973,2015,"1982:1984, 1990, 1994, 2000, 2009",36,19,80,
19.82,1,Rauåna,8.93,1973,2015,"",43,1973,2015,"1981:1984, 1987, 1991, 1994",36,19,82,
19.96,1,Storgama ovf.,0.52,1975,2015,"",41,1975,2015,"",41,19,96,
190.1,1,Tjuvskjer,8,1985,1993,"",9,,,"",,190,1,
190.2,1,Storfossen,52.69,1987,2001,1995:1996,13,1987,2001,1995:1996,13,190,2,
191.2,1,Øvrevatn,526.02,1988,2015,"",28,1989,2015,"",27,191,2,
193.2,1,Skøvatn ndf.,94.91,1962,1991,"",30,1984,1991,"",8,193,2,
194.1,1,Lysevatn,129.68,1935,1940,"",6,,,"",,194,1,R
196.11,1,Lille Rostavatn,638.38,1962,2015,"",54,1989,2015,"",27,196,11,
196.12,1,Lundberg,246.53,1962,2014,2000:2001,51,1978,2014,"1982, 1984, 2000, 2001",33,196,12,
196.13,1,Bardujord,68.5,1962,1990,"",29,1989,1990,"",2,196,13,
196.35,0,Malangsfoss,3110.65,1908,1959,"",52,,,"",,196,35,R
196.5,0,Insetvatn,1388.44,1911,1953,"",43,,,"",,196,5,
196.7,1,Fiskeløsvatn,54.42,1961,2014,"",54,1978,2014,"1981, 1986, 1992, 1998",33,196,7,
197.10,1,Ersfjordelva,18.63,2007,2011,"",5,2007,2011,"",5,197,10,
2.1,1,Hådammen,38.07,1990,2015,"",26,1998,2015,"",18,2,1,
2.102,2,Gjende,376,1967,1989,"",23,,1989,1987,3,2,102,
2.1036,1,Hæra v/Løkkeborg,132.84,2006,2015,2009,9,2006,2015,2009,9,2,1036,
2.11,1,Narsjø,119.13,1931,2015,1974,84,1987,2015,1993,28,2,11,
2.122,1,Skarnes,20300.47,1888,1895,"",8,,,"",,2,122,R
2.129,1,Dølplass,2014.27,1909,1954,1934:1936,43,,,"",,2,129,R
2.13,1,Sjodalsvatn,479.97,1982,2015,"",34,1986,2015,"",30,2,13,
2.132,1,Lomnessjø,1165.17,1929,1970,"1946:1948, 1969",38,,,"",,2,132,R
2.135,1,Tysla,231,1920,1996,1928:1961,43,,,"",,2,135,
2.142,1,Knappom,1646,1917,2015,2013,98,2000,2015,2013,15,2,142,
2.145,1,Losna,11212.84,1896,1916,"",21,,,"",,2,145,R
2.15,1,Breiddalsvatn ndf.,127.62,1918,1943,"",26,,,"",,2,15,R
2.21,1,Visa,245,1981,1990,"",10,1986,1990,"",5,2,21,
2.231,1,Dalsbygdens El. Verk,355,1938,1955,"",18,,,"",,2,231,
2.235,1,Grimsmoen,627.05,1998,2015,"",18,1998,2015,2008,17,2,235,
2.25,1,Lalm,3982.39,1907,1940,"",34,,,"",,2,25,R
2.265,1,Unsetåa,618.36,1962,2015,"1988:1990, 1992, 1993, 2011",48,1999,2015,"2002, 2011",15,2,265,
2.267,1,Mistra Bru,549.86,1962,2015,"1988, 1989, 1992, 1998",50,1999,2015,"",17,2,267,
2.268,1,Akslen,790.9,1962,2015,"",54,1986,2014,"1992, 1994:1998",23,2,268,
2.273,1,Ryfetten 1964-1967,1314,1965,1985,"",21,,,"",,2,273,
2.275,1,Liavatn,211.26,1965,2015,"2001, 2002, 2012",48,1986,2015,"2001, 2002, 2005, 2006, 2012, 2014",25,2,275,
2.276,1,Furusjøen 1964-1966,68.1,1965,1987,"",23,1986,1987,"",2,2,276,
2.279,1,Kråkfoss,432.35,1967,2015,"",49,1967,2015,"1975, 1979, 1980, 1981, 1984, 1997, 1998",42,2,279,
2.28,1,Aulestad,866.25,1930,2015,"",86,1999,2015,"",17,2,28,
2.280,1,Kringlerdal,265.44,1967,2015,2004,48,1986,2015,"1996, 1998, 2002:2004",25,2,280,
2.284,1,Sælatunga,454.83,1967,2015,1974:1978,44,1999,2015,"",17,2,284,
2.287,1,Rotua 1966-1973,56.1,1967,1994,"",28,1967,1993,"1970, 1972",25,2,287,
2.288,1,Harasjøen,52.8,1967,2000,"",34,,,"",,2,288,
2.289,1,Høydalsvatn,78.7,1967,1986,"",20,1986,1986,"",1,2,289,
2.290,1,Brustuen,253.93,1967,2015,"",49,1986,2015,"",30,2,290,
2.291,1,Tora,262.27,1967,2015,"",49,1988,2015,2010,27,2,291,
2.298,1,Russa,145,1969,1980,"",12,,,"",,2,298,
2.300,1,Bøvertjern,76.1,1968,1984,"",17,,,"",,2,300,
2.304,1,Jora,271,1968,1985,"",18,,,"",,2,304,
2.32,1,Atnasjø,463.2,1917,2015,"",99,1986,2015,"1995, 2003",28,2,32,
2.323,1,Fura,42.47,1971,2015,"",45,1971,2015,"1982:1984, 2007",41,2,323,
2.329,1,Hellen bru 1970-1983,81.3,1971,2001,"",31,1971,2001,"1983, 1996",29,2,329,
2.331,1,Kauserud,91.2,1999,2015,"",17,,,"",,2,331,
2.36,1,Øvre Heimdalsvatn,24.91,2000,2015,"2002, 2003, 2005",13,2000,2015,"2002, 2003, 2005",13,2,36,
2.415,1,Espedalsvatn,95.19,1976,2015,2000:2007,32,1986,2015,"1993, 1994, 1996, 2000:2007",19,2,415,
2.439,1,Kvarstadseter,377.09,1984,2015,"1986, 1987, 1994:1997",26,1988,2015,"1989, 1994:1997",23,2,439,
2.451,1,Nordre Osa,447.09,1989,2015,2010,26,2000,2015,"2003, 2010",14,2,451,
2.457,1,Fossum Bru,1136.62,1985,2015,"1987, 2012",29,1999,2015,"2003:2006, 2012",12,2,457,
2.463,1,Vismunda,190.65,1987,2015,1992,28,1987,2015,"1988, 1992, 2013",26,2,463,
2.464,1,Svartelva,459.03,1987,2015,1996,28,1987,2015,"1991, 1995, 1996",26,2,464,
2.465,1,Flagstadelva,173.13,1987,2014,1996,27,1997,2014,2008,17,2,465,
2.479,1,Li Bru,156.81,1998,2015,"",18,1998,2015,"",18,2,479,
2.481,1,Jora,213.28,2009,2015,"",7,2009,2015,"",7,2,481,
2.578,1,Imssjøen S.,157.97,2003,2015,"2007, 2010:2012",9,2003,2015,"2006, 2007, 2010:2013",8,2,578,
2.592,1,Fokstua,26.37,2005,2015,"",11,2005,2015,"",11,2,592,
2.603,1,Glåmos bru,861.32,1903,1916,"",14,,,"",,2,603,R
2.604,1,Elverum,15451.76,1872,1912,"",41,,,"",,2,604,R
2.607,1,Vålåsjø,125.44,1980,2015,1996,35,1988,2015,"1990, 1996:1998, 2012",23,2,607,
2.61,1,Orva,25.44,1996,2015,"1999, 2001, 2002",17,1998,2015,"1999, 2001, 2002, 2006",14,2,61,
2.611,1,Storsjøen ndf. -Øra,2337.11,1903,1930,1907:1909,25,,,"",,2,611,R
2.614,1,Rosten,1833.91,1918,2015,"",98,1986,2015,"1998, 2004",28,2,614,
2.616,1,Sagstua,48.38,1978,2015,"1993, 2003",36,1978,2015,"1988, 1993, 2003",35,2,616,
2.63,1,Rudi,"",1988,2012,"1992:1997, 2005",18,1998,2012,2005,14,2,63,
2.633,1,Stortorp,87.13,1980,2015,1998,35,1999,2015,"2010, 2012",15,2,633,
2.634,1,Lena,182.6,1993,2015,"",23,2001,2015,"",15,2,634,
20.2,1,Austenå,276.42,1925,2015,"",91,1985,2015,"1990, 1992",29,20,2,
20.3,1,Flaksvatn,1780.66,1900,2015,"",116,,,"",,20,3,
20.4,1,Vikstølvatn,75.1,1924,1959,"",36,,,"",,20,4,
200.4,1,Skogsfjordvatn,136.01,1989,2015,"",27,1989,2015,"1990, 1992, 1997, 2001, 2007, 2012",21,200,4,
203.2,1,Jægervatn,92.48,1989,2014,2011,25,1989,2014,2011,25,203,2,
205.1,1,Helligskogen,365.06,1928,1977,"1944:1961, 1969:1971",29,,,"",,205,1,
205.2,1,Gardebor,219.78,1967,1978,"",12,,,"",,205,2,
205.3,1,Skibotn Bru,727.22,1971,1977,"",7,,,"",,205,3,R
206.2,1,Holm Bru,344.6,1962,1970,"",9,,,"",,206,2,R
206.3,2,Manndalen Bru,200.48,1972,2015,"",44,1972,2015,"1978, 1981, 1993, 1995, 1996, 2004",38,206,3,
207.1,1,Fagertun,15.48,1949,1982,"",34,,,"",,207,1,
208.2,1,Oksfjordvatn,265.6,1956,2015,2011,59,1985,2015,"1986, 2011",29,208,2,
208.3,1,Svartfossberget,1932.29,1982,2014,"",33,1985,2014,"",30,208,3,
209.1,0,Njemenjaikafoss,172.37,1928,1965,"1944, 1945, 1953:1956, 1960",31,,,"",,209,1,
209.2,1,Baddern,137.24,1928,1940,"",13,,,"",,209,2,
209.3,2,Kvænangselv Bru,310.66,2003,2013,"",11,2005,2013,2006,8,209,3,
21.47,1,Lislefjødd,19.01,2006,2015,"2009, 2013",8,2007,2015,"2009, 2012, 2013",6,21,47,
210.1,1,Øvrefoss,169.96,1962,1993,1968,31,1985,1993,"",9,210,1,
212.10,1,Masi,5620.81,1967,2015,2003,48,1985,2015,"1994, 1996, 1998, 2002, 2003, 2010",25,212,10,
212.11,1,Kista,6182,1972,1986,"",15,1977,1986,1979:1985,3,212,11,
212.26,1,Suohpatjohka,604.39,2009,2011,"",3,2010,2010,"",1,212,26,
212.27,1,Eibyelva v/Hammeren,624.18,2008,2014,"",7,2009,2014,"",6,212,27,
212.48,1,Sagafoss,233.67,1991,2014,"",24,1991,2014,"",24,212,48,
212.49,1,Halsnes,144.89,1972,2014,2002,42,1992,2014,2002,22,212,49,
212.7,1,Lille Mattisvatn,319.02,1939,1990,"1940, 1944, 1945, 1979, 1980",47,1985,1990,1986,5,212,7,
213.2,1,Leirbotnvatn,135.47,1962,2014,"",53,1981,2014,"1993, 1997, 2005, 2010",30,213,2,
213.3,1,Skaidi,306.73,1975,1992,"",18,1985,1992,1986,7,213,3,
213.4,1,Kvalsund,124.8,1979,2013,"",35,1980,2013,1992,33,213,4,
22.16,1,Myglevatn ndf.,182.2,1952,2015,1998,63,1999,2015,2007,16,22,16,
22.22,1,Søgne,203.58,1974,2015,1992,41,1974,2015,"1979, 1992",40,22,22,
22.4,1,Kjølemo,1757.7,1897,1933,"",37,,,"",,22,4,R
22.5,1,Austerhus,413,1922,1957,"",36,,,"",,22,5,
223.1,0,Stabburselv,1067.33,1924,1959,1944:1946,33,,,"",,223,1,
224.1,1,Skoganvarre,942.31,1922,1955,1944:1945,32,,,"",,224,1,R
225.1,1,Børselv,871.27,1922,1932,"",11,,,"",,225,1,
228.2,1,Kunes,678.22,1980,2000,1994,20,1985,2000,"1988, 1994",14,228,2,
229.1,1,Adamsfjordfoss,710.57,1928,1960,1944:1946,30,,,"",,229,1,
229.2,1,Nedre Friarfjordvatn,128.22,1932,1943,"",12,,,"",,229,2,
234.13,1,Vækkava,2079.25,1990,2010,"",21,1990,2010,"",21,234,13,
234.18,1,Polmak nye,14161.4,1992,2015,"",24,1992,2015,"",24,234,18,
234.2,1,Jiesjokka,460.53,1958,1979,"",22,,,"",,234,2,
234.4,1,Smalfjord,30.05,1961,1986,"",26,1970,1986,"1976, 1977, 1983",14,234,4,
234.5,1,Njalmigoaika,2256.83,1967,1990,"",24,1986,1990,"",5,234,5,
237.1,1,Båtsfjord,21.93,1981,2014,1986,33,1981,2014,"1985:1988, 1990, 1992, 1996, 2007, 2011",25,237,1,
24.8,1,Møska,121.41,1979,2015,"1982, 1994",35,1995,2015,"",21,24,8,
24.9,1,Tingvatn,272.16,1923,2015,"",93,1995,2015,"",21,24,9,
241.1,1,Bergeby,247.58,1961,1996,"",36,1985,1996,"",12,241,1,
244.2,1,Neiden,2947.19,1912,2014,"1974:1978, 2011",97,1985,2014,2011,29,244,2,
246.1,1,Bjørnvatn,18109.95,1940,1960,"",21,,,"",,246,1,
246.8,1,Vaggatem,244.96,1964,1986,1978,22,,,"",,246,8,
246.9,1,Sametielv,255.69,1982,2013,"",32,1985,2013,2005,28,246,9,
25.2,1,Kvinen,482,1916,1966,1919:1958,11,,,"",,25,2,
25.24,1,Gjuvvatn,96.82,1972,2015,1994,43,1987,2015,"1994, 1999",27,25,24,
25.3,1,Netland,896,1916,1952,"",37,,,"",,25,3,
25.30,1,Stegemoen,1147.61,1971,2015,"",45,1987,2015,1997,28,25,30,
25.4,1,Røynstadbru,1142,1916,1934,"",19,,,"",,25,4,
25.7,1,Refsti,202.68,1922,1947,"",26,,,"",,25,7,
25.8,1,Mygland 1931-1991,46.9,1931,2005,"",75,1997,2005,"",9,25,8,
26.15,1,Svartevatn,209,1959,1974,"",16,,,"",,26,15,
26.20,1,Årdal,77.25,1971,2015,"",45,1971,2014,"2009, 2012",42,26,20,
26.21,1,Sandvatn,27.5,1971,2015,"",45,1971,2015,2012,44,26,21,
26.29,1,Refsvatn,52.95,1979,2015,"",37,1979,2015,1987,36,26,29,
26.4,1,Fidjelandsvatn,506,1920,1969,"",50,,,"",,26,4,
26.5,1,Dorgefoss,808.53,1914,1967,"",54,,,"",,26,5,R
26.6,1,Lindeland,963,1914,1969,1931:1961,25,,,"",,26,6,
26.64,1,Rekedalselv,10.11,1997,2015,"2001, 2003, 2009:2011",14,1997,2015,"2001, 2003, 2009:2011",14,26,64,
26.7,1,Sirdalsvatn,1528,1895,1964,1930:1958,41,,,"",,26,7,
26.8,1,Lundevatn,1899,1897,1964,"",68,,,"",,26,8,
27.15,1,Austrumdal,60.85,1986,2015,"",30,1987,2015,"1988, 1989, 1992:1995",23,27,15,
27.16,1,Bjordal,123.81,1988,2015,"1997, 2002",26,1988,2015,"1991, 1996, 1997, 2002, 2004",23,27,16,
27.24,1,Helleland,184.72,1897,1920,"",24,,,"",,27,24,R
27.25,1,Gjedlakleiv,635.15,1983,2015,2001:2002,31,1983,2015,"1992, 1993, 2001, 2002",29,27,25,
27.42,1,Slevelandsåna,5.42,2008,2015,"",8,2008,2015,"",8,27,42,
28.7,1,Haugland,139.35,1919,2015,"",97,1986,2015,"",30,28,7,
29.7,1,Gramstaddalen,1,2006,2015,"",10,2006,2015,"",10,29,7,
3.11,1,Sagstubekken,3.08,1952,1973,"",22,1952,1973,"",22,3,11,
3.22,1,Høgfoss,299.29,1977,2015,"",39,1977,2015,"1984, 1987",37,3,22,
30.1,1,Moluf bru 1940 - 1950,128,1915,1950,"",36,,,"",,30,1,
307.12,1,Huddingsvatn,153.53,1960,1969,"",10,,,"",,307,12,
307.14,1,Saksvatn,64.03,1960,1989,"",30,1960,1989,"1971, 1972, 1979, 1982, 1984:1988",21,307,14,
307.5,1,Murusjø,345.62,1926,2015,"",90,1989,2015,"",27,307,5,
308.1,1,Lenglingen,449.98,1926,2015,"",90,1989,2015,2008,26,308,1,
31.2,1,Lysedalen,47.2,1954,1984,"",31,,,"",,31,2,
311.10,1,Galten,2482,1950,1983,1952,33,,,"",,311,10,
311.4,1,Femundsenden,1794.03,1896,2015,1997:1998,118,1986,2015,"1997, 1998, 2003",27,311,4,
311.460,1,Engeren,394.83,1912,2015,1996,103,1987,2015,"1995, 1996, 2008, 2014",25,311,460,
311.6,1,Nybergsund,4424.85,1909,2015,"",107,2002,2015,"",14,311,6,
32.6,1,Liarvatn,55.85,1915,1943,1927:1935,20,,,"",,32,6,R
33.10,1,Sandvatn,70.4,1991,2015,"2001:2005, 2009",19,1991,2015,"2001:2005, 2009",19,33,10,
33.11,1,Bergland bru,155,1966,1979,"",14,,,"",,33,11,
33.2,1,Tveid 1896-1928,513,1897,1956,"",60,,,"",,33,2,
35.16,1,Djupadalsvatn,45.34,1991,2015,"",25,1991,2015,"",25,35,16,
35.2,0,Hauge Bru,393.88,1906,1980,"",75,,,"",,35,2,
35.9,1,Osali,22.46,1983,2015,2010,32,1983,2015,"1985:1989, 2010",27,35,9,
36.11,1,Stråpa,1304,1905,1963,"",59,,,"",,36,11,R
36.12,1,Fossåna,10.7,1993,2003,2001:2002,9,1994,2003,"1995, 1997, 1998, 2001, 2002",5,36,12,
36.13,1,Grimsvatn,34.54,1974,2014,"",41,1974,2014,1986,40,36,13,
36.2,1,Røldalsvatn,497.08,1914,1964,"",51,,,"",,36,2,
36.32,1,Lauvastøl,20.72,1986,2015,"1990, 1992, 1994",27,1993,2015,1994,22,36,32,
37.27,1,Breiborgvatn,12.43,1996,2015,"2005, 2007, 2011",17,1996,2015,"2005:2007, 2011",16,37,27,
38.1,1,Holmen,116.88,1983,2015,2002,32,1985,2015,2002,30,38,1,
39.1,1,Tysvær,3.34,1975,2015,"2002, 2003, 2010",38,1975,2015,"2002, 2003, 2010",38,39,1,
39.2,1,Kallandsvatnet,7.68,2006,2015,"",10,2006,2015,2011,9,39,2,
41.1,1,Stordalsvatn,130.61,1913,2015,"",103,1985,2015,"",31,41,1,
41.5,1,Stakkastadsvatn,33,1936,1973,"",38,,,"",,41,5,
42.1,1,Fjellhaugvatn 1908-1921,150,1909,1920,"",12,,,"",,42,1,
42.16,1,Fjellhaugen,7.22,1998,2015,"",18,2000,2015,"2001, 2007",14,42,16,
42.2,1,Djupevad,31.9,1972,2015,"",44,1972,2015,2005,43,42,2,
45.4,1,Seimsfoss i Guddalselv,36.38,2007,2015,"",9,2007,2015,"",9,45,4,
46.1,1,Øvrehuselv,37,1919,1939,"",21,,,"",,46,1,
46.3,1,Øyreselv 1921-1968,83.4,1922,1973,"",52,,,"",,46,3,
46.4,1,Bondhus,60.5,1964,1973,1970:1971,8,,,"",,46,4,R
,,,,,,,,,,,,,,
46.9,1,Fønnerdalsvatn,7.01,1981,2014,"1997, 2003:2005",30,1981,2014,"1992, 1995, 1997, 2003:2005, 2007, 2011",26,46,9,
47.1,1,Eidevatn (Byrkjedalsvatnet) 1908-1989,79.2,1909,1934,"",26,,,"",,47,1,
48.1,1,Sandvenvatn,470.22,1909,2015,"",107,1997,2015,2007,18,48,1,
48.2,1,Raundalsvatn,10.7,1964,1977,"",14,1964,1977,"",14,48,2,
48.4,1,Jordal,51.5,1964,1982,"",19,1964,1982,1976,18,48,4,
48.5,1,Reinsnosvatn,120.5,1918,2015,"1923, 1924, 1926:1929",92,1977,2015,"1978, 1984, 1988, 1996, 1997",34,48,5,
50.1,1,Hølen,232.73,1923,2015,"",93,1962,2015,"1978, 1984",52,50,1,
50.10,1,Isdøla,58.3,1966,1980,"",15,1966,1980,"",15,50,10,
50.2,1,Garen 1908-1948,502,1909,1973,"1916:1918, 1938:1964",35,,,"",,50,2,
50.3,1,Eidfjordvatn,1166.92,1929,1945,"",17,,,"",,50,3,R
50.5,1,Sima,125,1962,1980,"",19,,,"",,50,5,
51.2,1,Austdalsvatn øvre,81.7,1943,1979,1976,36,,,"",,51,2,
51.3,1,Osseter,26.7,1962,1979,"",18,1963,1979,1974:1975,15,51,3,
55.4,1,Røykenes,50.09,1934,2015,"",82,1977,2015,1992,38,55,4,
55.5,1,Dyrdalsvatn,3.31,1978,2015,1997:2001,33,1978,2015,1997:2001,33,55,5,
55.7,1,Eikelandsosen,42.72,1981,1984,"",4,,,"",,55,7,R
6.10,1,Gryta,7.03,1968,2015,"",48,1968,2015,"",48,6,10,
6.71,1,Sinnerdammen,7.63,2006,2013,2008:2009,6,2006,2013,2008:2009,6,6,71,
61.13,1,Haukåselva,7.39,2008,2015,"",8,2008,2015,"",8,61,13,
61.8,1,Kaldåen,15.28,1988,2015,"",28,1988,2015,"1997, 1999, 2010, 2012",24,61,8,
62.10,2,Myrkdalsvatn,158.28,1964,2015,"",52,1971,2015,"1986, 1987, 2011",42,62,10,
62.14,1,Slondalsvatn,41.86,1984,2015,"",32,1985,2015,"1986, 1994, 1997, 1998",27,62,14,
62.15,1,Kinne,511.44,1984,2015,"",32,1984,2015,"",32,62,15,
62.18,1,Svartavatn,72.35,1988,2015,"",28,1988,2015,"1989, 1990, 1994, 1998, 1999, 2004, 2009, 2011",20,62,18,
62.5,1,Bulken,1092.04,1892,2015,"",124,1995,2015,"",21,62,5,
62.6,1,Austmannhølen,295,1909,1975,"1946:1962, 1974",49,,,"",,62,6,
63.1,1,Nese 1908-1942,346,1909,1941,"",33,,,"",,63,1,
63.12,1,Fjellanger,12.83,1995,2015,"",21,1995,2015,"1997, 1998, 2004, 2006, 2009, 2010",15,63,12,
63.2,1,Brakestad,224,1935,1971,"",37,,,"",,63,2,
63.3,1,Fosse,261,1935,1971,"",37,,,"",,63,3,
64.6,1,Solrenningsvatn,53.37,2006,2014,2007,8,2006,2014,2007,8,64,6,
68.1,1,Kløvtveitvatn 1922-1950,"4,51",1923,2005,"",83,1971,2005,"",35,68,1,
68.2,1,Havelandselv,21,1965,2015,"1981, 1982, 1984:1997",35,1998,2015,2005,17,68,2,
70.8,1,Målset,7.71,1988,2015,"",28,1988,2015,1989,27,70,8,
71.1,2,Skjerping,267.79,1969,2015,"",47,1988,2015,2006,27,71,1,
71.5,1,Feios,"75,2",1973,2006,"",34,1973,2006,"1975, 1977, 2005",31,71,5,
72.1,1,Klevevatn,109,1909,1947,"1922:1934, 1943:1945",23,,,"",,72,1,
72.5,2,Brekke bru,268.16,1944,2014,"",71,1997,2014,"1998, 2009",16,72,5,
72.7,1,Vassbygdvatn,758.77,1909,1969,"",61,,,"",,72,7,
72.8,1,Aurdalsvatn,397,1953,1975,"",23,,,"",,72,8,
73.1,1,Lo Bru,562.39,1916,1972,"",57,,,"",,73,1,R
73.10,1,Smeddalen,157,1967,1983,"",17,,,"",,73,10,
73.21,1,Frostdalen,25.74,1968,2015,1981:1993,35,1968,2014,"1972:1993, 1997, 1998",23,73,21,
73.27,1,Sula,30.32,1968,2015,1982:1991,38,1968,2015,"1970:1979, 1982:1991, 1993",27,73,27,
73.4,1,Sælthun,789.96,1962,1971,"",10,,,"",,73,4,R
73.5,1,Breistøl,152,1962,1971,"",10,,,"",,73,5,
73.6,1,Bergstølsfoss,203,1962,1971,"",10,,,"",,73,6,
73.7,1,Ulvisbakken,261,1962,1972,"",11,,,"",,73,7,
73.8,1,Dilma 1961-1968,133,1962,1972,"",11,,,"",,73,8,
73.9,1,Nivla,166,1962,1972,"",11,,,"",,73,9,
74.1,1,Årdalsvatn,978.68,1901,1934,"",34,,,"",,74,1,R
74.18,1,Fornabu,53.13,1983,2015,"1985, 1987:1989",29,1983,2015,"1985, 1987:1990, 1993, 2006",26,74,18,
74.2,1,Tya,291,1912,1940,"",29,,,"",,74,2,
75.2,1,Ytri bru,367,1919,1955,"",37,,,"",,75,2,
75.20,1,Åstevatn,29,1967,1976,1969,9,1967,1976,1969,9,75,20,
75.21,1,Rausdal,126,1964,1980,"1971, 1973",15,,,"",,75,21,
75.22,1,Gilja,203.43,1985,2015,"",31,1985,2015,"1994, 2005, 2013",28,75,22,
75.23,1,Krokenelv,45.92,1966,2015,"",50,1966,2015,"",50,75,23,
75.28,1,Feigumfoss,48.04,1973,2015,"",43,1974,2015,"1977, 2000",40,75,28,
76.10,1,Myklemyr,575.82,1979,1988,"",10,1985,1988,"",4,76,10,
76.11,1,Vigdøla,45.45,1990,2015,"",26,1990,2015,"1991, 2001, 2006",23,76,11,
76.14,1,Fåbergstøl,182.96,1987,1988,"",2,1987,1988,"",2,76,14,
76.4,1,Leirdal,143,1963,1974,1969,11,,,"",,76,4,
76.5,1,Nigardsjøen,65.29,1963,2015,"",53,2002,2015,"",14,76,5,
77.2,1,Veitestrandsvatn 1900-1951,386,1901,1981,"",81,,,"",,77,2,
77.20,1,Henjaelvi ved Flotande,48.14,2007,2014,"",8,2007,2014,2009,7,77,20,
77.3,1,Sogndalsvatn,110.93,1963,2015,"",53,1991,2015,"",25,77,3,
78.8,1,Bøyumselv,40.42,1983,2015,"",33,1983,2015,"",33,78,8,
79.3,1,Nessedalselv,30,1984,2015,"",32,1984,2015,"",32,79,3,
8.2,1,Bjørnegårdsvingen,190.19,1969,2015,"",47,1986,2015,"1987, 1989, 2007",27,8,2,
8.6,1,Sæternbekken,6.23,1972,2015,"1973, 1974, 1984, 1987, 1988, 2001",38,1972,2015,"1973, 1974, 1984:1988, 2001",36,8,6,
8.8,1,Blomsterkroken,22.2,1976,2002,"",27,1976,2002,"1988, 1989, 2000",24,8,8,
80.4,1,Ullebøelv,8.31,1967,2015,"",49,1983,2015,"1989, 2001, 2003, 2008",29,80,4,
81.1,1,Hersvikvatn,7.13,1934,2015,"",82,1977,2015,"",39,81,1,
82.4,1,Nautsundvatn,218.96,1984,2015,"",32,2005,2015,"",11,82,4,
83.12,1,Haukedalsvatn,205.55,1985,2015,"",31,1986,2015,1999,29,83,12,
83.2,1,Viksvatn,508.13,1903,2015,"",113,1985,2015,"",31,83,2,
83.4,1,Eldal,169,1932,1955,"",24,,,"",,83,4,
83.6,1,Byttevatn,104.54,1966,2015,"1972:1974, 1977",46,1985,2015,"",31,83,6,
83.7,1,Grønengstølsvatn,65.65,1966,2015,"",50,1966,2015,"1968, 1976, 1995, 2003",46,83,7,
84.10,1,Nesvatn,"96,1",1964,1988,"",25,,,"",,84,10,
84.15,1,Jølstervatn ndf.,384.46,1903,1951,"",49,,,"",,84,15,R
84.19,1,Sygnesandselva,10.32,1998,2009,"",12,1999,2008,2002,9,84,19,
84.20,1,Holsenvatn,71.48,1964,2015,"",52,1983,2015,2002,32,84,20,
84.30,1,Lunde,34.37,1996,2009,"",14,1996,2009,2002,13,84,30,
84.7,1,Sægrova,7.14,1997,2005,2002:2003,7,1997,2005,"1999, 2002, 2003",6,84,7,
85.1,1,Norddal,"97,5",1909,1962,"",54,,,"",,85,1,
85.2,1,Blåmannsvatn,225.63,1930,1985,"",56,,,"",,85,2,R
85.4,1,Staumstad,109.68,1975,2015,"",41,1982,2015,"1984, 1995, 1997",31,85,4,
86.1,1,Risevatn,32.57,1929,1971,"",43,,,"",,86,1,R
86.10,1,Åvatn,162.13,1975,2015,"",41,1984,2015,"1985, 1995, 1998, 1999, 2002:2004, 2008",24,86,10,
86.12,1,Skjerdalselv,23.66,1983,2015,"",33,1983,2015,"1989, 1996",31,86,12,
86.4,1,Gjengedalsvatn,"56,0",1964,2000,"",37,1970,2000,"",31,86,4,
87.10,1,Gloppenelv v/Bergheim,217.12,1971,2015,"",45,,,"",,87,10,
87.2,1,Eidsfoss,614.33,1901,1915,"",15,,,"",,87,2,R
88.11,1,Strynsvatn,482.04,1982,2015,"1994, 1996, 2001:2006",26,1985,2015,"1990, 1994, 1996, 2001:2006",22,88,11,
88.15,1,Grasdøla,34.54,1980,2015,"1985, 1986, 1989:1997",25,1987,2015,"1989:1997, 2002",19,88,15,
88.30,1,Oldevatn,203.1,1988,2015,"",28,1988,2015,"",28,88,30,
88.4,1,Lovatn,234.88,1901,2015,"",115,1988,2015,"",28,88,4,
89.1,1,Hornindalsvatn,381.68,1967,2015,"",49,1990,2015,1996,25,89,1,
90.1,1,Førdeelv,2.99,2008,2015,"",8,2008,2015,"",8,90,1,
91.2,1,Dalsbøvatn,25.72,1935,2015,"",81,1984,2015,2009,31,91,2,
96.3,1,Hareidselv,40.37,1986,2015,2009:2010,28,1986,2015,"1987, 1992, 1996, 2002, 2009, 2010",24,96,3,
98.4,1,Øye ndf.,138.78,1917,2015,"1956, 1979:1982, 1999",93,1991,2015,"1999, 2002",23,98,4,
99.1,1,Onilsavatn,303,1910,1918,"",9,,,"",,99,1,
99.17,1,Rødøla,49.86,1986,2015,"1995, 1996, 2007",27,1993,2015,"1995, 1996, 2007, 2013",19,99,17,
99.2,1,Heimste Kaldhussetervann,"99,8",1913,1924,1920,11,,,"",,99,2,
99.3,1,Øyen,183,1912,1923,1920,11,,,"",,99,3,
