Nr	version	A2_version	numdig	onezero	twozero	Navn	Areal (km2)	Dailydata_Start	Dailydata_Slutt	Dailydata_Utlatt	Dailydata_N	Findata_Start	Findata_Slutt	Findata_Utelatt	Findata_N
1.37	1	1	2	FALSE	FALSE	Kirkevatn	695	1914	1927		14				
2.1	1	1	1	FALSE	FALSE	Hådammen	38.07	1990	2015		26	1998	2015		18
2.11	1	1	2	FALSE	FALSE	Narsjø	119.13	1931	2015	1974	84	1987	2015	1993	28
2.13	1	1	2	FALSE	FALSE	Sjodalsvatn	479.97	1982	2015		34	1986	2015		30
2.15	1	1	2	FALSE	FALSE	Breiddalsvatn ndf.	127.62	1918	1943		26				
2.21	1	1	2	FALSE	FALSE	Visa	245	1981	1990		10	1986	1990		5
2.25	1	1	2	FALSE	FALSE	Lalm	3982.39	1907	1940		34				
2.28	1	1	2	FALSE	FALSE	Aulestad	866.25	1930	2015		86	1999	2015		17
2.32	1	1	2	FALSE	FALSE	Atnasjø	463.2	1917	2015		99	1986	2015	1995, 2003	28
2.36	1	1	2	FALSE	FALSE	Øvre Heimdalsvatn	24.91	2000	2015	2002, 2003, 2005	13	2000	2015	2002, 2003, 2005	13
2.61	1	1	2	FALSE	FALSE	Orva	25.44	1996	2015	1999, 2001, 2002	17	1998	2015	1999, 2001, 2002, 2006	14
2.63	1	1	2	FALSE	FALSE	Rudi		1988	2012	1992:1997, 2005	18	1998	2012	2005	14
2.102	1	1	3	FALSE	FALSE	Gjende	376	1967	1989		23	 	1989	1987	3
2.122	1	1	3	FALSE	FALSE	Skarnes	20300.47	1888	1895		8				
2.129	1	1	3	FALSE	FALSE	Dølplass	2014.27	1909	1954	1934:1936	43				
2.132	1	1	3	FALSE	FALSE	Lomnessjø	1165.17	1929	1970	1946:1948, 1969	38				
2.135	1	1	3	FALSE	FALSE	Tysla	231	1920	1996	1928:1961	43				
2.142	1	1	3	FALSE	FALSE	Knappom	1646	1917	2015	2013	98	2000	2015	2013	15
2.145	1	1	3	FALSE	FALSE	Losna	11212.84	1896	1916		21				
2.231	1	1	3	FALSE	FALSE	Dalsbygdens El. Verk	355	1938	1955		18				
2.235	1	1	3	FALSE	FALSE	Grimsmoen	627.05	1998	2015		18	1998	2015	2008	17
2.265	1	1	3	FALSE	FALSE	Unsetåa	618.36	1962	2015	1988:1990, 1992, 1993, 2011	48	1999	2015	2002, 2011	15
2.267	1	1	3	FALSE	FALSE	Mistra Bru	549.86	1962	2015	1988, 1989, 1992, 1998	50	1999	2015		17
2.268	1	1	3	FALSE	FALSE	Akslen	790.9	1962	2015		54	1986	2014	1992, 1994:1998	23
2.273	1	1	3	FALSE	FALSE	Ryfetten 1964-1967	1314	1965	1985		21				
2.275	1	1	3	FALSE	FALSE	Liavatn	211.26	1965	2015	2001, 2002, 2012	48	1986	2015	2001, 2002, 2005, 2006, 2012, 2014	25
2.276	1	1	3	FALSE	FALSE	Furusjøen 1964-1966	68.1	1965	1987		23	1986	1987		2
2.279	1	1	3	FALSE	FALSE	Kråkfoss	432.35	1967	2015		49	1967	2015	1975, 1979, 1980, 1981, 1984, 1997, 1998	42
2.280	1	1	3	TRUE	FALSE	Kringlerdal	265.44	1967	2015	2004	48	1986	2015	1996, 1998, 2002:2004	25
2.284	1	1	3	FALSE	FALSE	Sælatunga	454.83	1967	2015	1974:1978	44	1999	2015		17
2.287	1	1	3	FALSE	FALSE	Rotua 1966-1973	56.1	1967	1994		28	1967	1993	1970, 1972	25
2.288	1	1	3	FALSE	FALSE	Harasjøen	52.8	1967	2000		34				
2.289	1	1	3	FALSE	FALSE	Høydalsvatn	78.7	1967	1986		20	1986	1986		1
2.290	1	1	3	TRUE	FALSE	Brustuen	253.93	1967	2015		49	1986	2015		30
2.291	1	1	3	FALSE	FALSE	Tora	262.27	1967	2015		49	1988	2015	2010	27
2.298	1	1	3	FALSE	FALSE	Russa	145	1969	1980		12				
2.300	1	1	3	TRUE	TRUE	Bøvertjern	76.1	1968	1984		17				
2.304	1	1	3	FALSE	FALSE	Jora	271	1968	1985		18				
2.323	1	1	3	FALSE	FALSE	Fura	42.47	1971	2015		45	1971	2015	1982:1984, 2007	41
2.329	1	1	3	FALSE	FALSE	Hellen bru 1970-1983	81.3	1971	2001		31	1971	2001	1983, 1996	29
2.331	1	1	3	FALSE	FALSE	Kauserud	91.2	1999	2015		17				
2.415	1	1	3	FALSE	FALSE	Espedalsvatn	95.19	1976	2015	2000:2007	32	1986	2015	1993, 1994, 1996, 2000:2007	19
2.439	1	1	3	FALSE	FALSE	Kvarstadseter	377.09	1984	2015	1986, 1987, 1994:1997	26	1988	2015	1989, 1994:1997	23
2.451	1	1	3	FALSE	FALSE	Nordre Osa	447.09	1989	2015	2010	26	2000	2015	2003, 2010	14
2.457	1	1	3	FALSE	FALSE	Fossum Bru	1136.62	1985	2015	1987, 2012	29	1999	2015	2003:2006, 2012	12
2.463	1	1	3	FALSE	FALSE	Vismunda	190.65	1987	2015	1992	28	1987	2015	1988, 1992, 2013	26
2.464	1	1	3	FALSE	FALSE	Svartelva	459.03	1987	2015	1996	28	1987	2015	1991, 1995, 1996	26
2.465	1	1	3	FALSE	FALSE	Flagstadelva	173.13	1987	2014	1996	27	1997	2014	2008	17
2.479	1	1	3	FALSE	FALSE	Li Bru	156.81	1998	2015		18	1998	2015		18
2.578	1	1	3	FALSE	FALSE	Imssjøen S.	157.97	2003	2015	2007, 2010:2012	9	2003	2015	2006, 2007, 2010:2013	8
2.592	1	1	3	FALSE	FALSE	Fokstua	26.37	2005	2015		11	2005	2015		11
2.603	1	1	3	FALSE	FALSE	Glåmos bru	861.32	1903	1916		14				
2.604	1	1	3	FALSE	FALSE	Elverum	15451.76	1872	1912		41				
2.607	1	1	3	FALSE	FALSE	Vålåsjø	125.44	1980	2015	1996	35	1988	2015	1990, 1996:1998, 2012	23
2.611	1	1	3	FALSE	FALSE	Storsjøen ndf. -Øra	2337.11	1903	1930	1907:1909	25				
2.614	1	1	3	FALSE	FALSE	Rosten	1833.91	1918	2015		98	1986	2015	1998, 2004	28
2.616	1	1	3	FALSE	FALSE	Sagstua	48.38	1978	2015	1993, 2003	36	1978	2015	1988, 1993, 2003	35
2.633	1	1	3	FALSE	FALSE	Stortorp	87.13	1980	2015	1998	35	1999	2015	2010, 2012	15
2.634	1	1	3	FALSE	FALSE	Lena	182.6	1993	2015		23	2001	2015		15
2.1036	1	1	4	FALSE	FALSE	Hæra v/Løkkeborg	132.84	2006	2015	2009	9	2006	2015	2009	9
3.11	1	1	2	FALSE	FALSE	Sagstubekken	3.08	1952	1973		22	1952	1973		22
3.22	1	1	2	FALSE	FALSE	Høgfoss	299.29	1977	2015		39	1977	2015	1984, 1987	37
6.10	1	1	2	TRUE	FALSE	Gryta	7.03	1968	2015		48	1968	2015		48
6.71	1	1	2	FALSE	FALSE	Sinnerdammen	7.63	2006	2013	2008:2009	6	2006	2013	2008:2009	6
8.2	1	1	1	FALSE	FALSE	Bjørnegårdsvingen	190.19	1969	2015		47	1986	2015	1987, 1989, 2007	27
8.6	1	1	1	FALSE	FALSE	Sæternbekken	6.23	1972	2015	1973, 1974, 1984, 1987, 1988, 2001	38	1972	2015	1973, 1974, 1984:1988, 2001	36
8.8	1	1	1	FALSE	FALSE	Blomsterkroken	22.2	1976	2002		27	1976	2002	1988, 1989, 2000	24
11.4	1	1	1	FALSE	FALSE	Elgtjern	6.63	1976	2007	1995	31	1977	2007	1979, 1995	29
12.3	1	1	1	FALSE	FALSE	Hen	4843	1870	1903	1872, 1873, 1875, 1886, 1887	29				
12.7	1	1	1	FALSE	FALSE	Høvsfjord	785	1919	1929		11	1929	1929		1
12.8	1	1	1	FALSE	FALSE	Grønvold Bru	933.48	1964	1987	1976:1978	21				
12.13	1	1	2	FALSE	FALSE	Rysna	50.76	1974	2015	2002	41	1974	2015	1977, 1982:1985, 1990, 2002	35
12.15	1	1	2	FALSE	FALSE	Strømstøa	4631.48	1906	1915		10				
12.64	1	1	2	FALSE	FALSE	Haugastøl	381	1911	1922		12				
12.69	1	1	2	FALSE	FALSE	Randsfjord	3692	1870	1871		2				
12.70	1	1	2	TRUE	FALSE	Etna	570.17	1920	2015		96	1983	2015		33
12.77	1	1	2	FALSE	FALSE	Slidrefjord 1907-1948	763	1908	1944		37				
12.80	1	1	2	TRUE	FALSE	Strandefjord	1796	1908	1918		11				
12.95	1	1	2	FALSE	FALSE	Ustedalsvatn	570	1909	1964		56				
12.96	1	1	2	FALSE	FALSE	Oppsjø bru	1704	1918	1930		13				
12.97	1	1	2	FALSE	FALSE	Bergheim	4248.54	1921	1934		14				
12.99	1	1	2	FALSE	FALSE	Skålfoss	5126.71	1891	1934		44				
12.106	1	1	3	FALSE	FALSE	Vikevatn	135	1919	1974	1926:1955	26				
12.110	1	1	3	TRUE	FALSE	Ølsjø	793	1929	1947		19				
12.113	1	1	3	FALSE	FALSE	Kråkefjord ndf.	702.16	1976	1988		13	1986	1988		3
12.114	1	1	3	FALSE	FALSE	Garhammerfoss	492.53	1937	2015	1979:2006	51	2007	2015		9
12.130	1	1	3	TRUE	FALSE	Flævatn	184	1947	1957		11				
12.137	1	1	3	FALSE	FALSE	Gjærdeslåtten	774.58	1952	1956		5				
12.147	1	1	3	FALSE	FALSE	Brautemotjern	59.1	1957	1972		16				
12.150	1	1	3	TRUE	FALSE	Buvatn	24.79	1963	2015	2002, 2003, 2006:2010	46	1963	2015	1964, 1972:1983, 1985, 1988, 1989, 2002, 2003, 2006:2010	30
12.171	1	1	3	FALSE	FALSE	Hølervatn	79.75	1969	2015		47	1969	2015	1973, 1978, 1985:1988	41
12.178	1	1	3	FALSE	FALSE	Eggedal	309.77	1972	2015		44	1972	2015	1973, 1974, 2011	41
12.183	1	1	3	FALSE	FALSE	Ala 1976-1987	26.6	1974	1985		12	1974	1984	1976, 1979	9
12.193	1	1	3	FALSE	FALSE	Fiskum	51.6	1977	2015		39	1980	2015	1981, 1983, 2001	33
12.197	1	1	3	FALSE	FALSE	Grunke	184.46	1978	2015	2001:2003, 2005	34	1978	2015	1979, 1999, 2001:2003, 2005	32
12.200	1	1	3	TRUE	TRUE	Kolbjørnshus	2064.45	1979	1987		9	1986	1987		2
12.207	1	1	3	FALSE	FALSE	Vinde-elv	269.34	1982	2015	2002	33	1982	2015	1991, 2002	32
12.209	1	1	3	FALSE	FALSE	Urula	542.89	1985	2015		31	1986	2015	1990, 2001, 2006	27
12.212	1	1	3	FALSE	FALSE	Hangstjern	11.13	1987	2015		29	1987	2015		29
12.215	1	1	3	FALSE	FALSE	Storeskar	119.43	1988	2015		28	1988	2015		28
12.286	0	0	3	FALSE	FALSE	Jaren ndf.	113.26	1925	2015	1939:1941, 1955, 1956, 1982, 1983, 1992:2007	68	1986	2015	1992:2007	14
15.1	1	1	1	FALSE	FALSE	Labru 1873-1899	4290	1874	1907	1876:1895	14				
15.18	1	1	2	FALSE	FALSE	Bommestad bru 1879-1916	5541	1880	1915		36				
15.19	1	1	2	FALSE	FALSE	Fønnebøfjord	688	1931	1966		36				
15.21	1	0	2	FALSE	FALSE	Jondalselv	125.9	1920	2015		96	1995	2015		21
15.49	1	1	2	FALSE	FALSE	Halledalsvatn	59.13	1963	2015		53	1963	2015	1970, 1971, 1974, 1976, 1982, 1992	47
15.52	1	1	2	FALSE	FALSE	Smådøla	98.4	1966	1981		16				
15.53	0	0	2	FALSE	FALSE	Borgåi	94.07	1967	2015		49	2000	2015	2002	15
15.55	1	0	2	FALSE	FALSE	Økta	49.5	1967	1981		15	1967	1980	1968, 1970, 1973, 1976	10
15.62	0	0	2	FALSE	FALSE	Hagnes	245	1971	1987	1985:1986	15				
15.72	1	0	2	FALSE	FALSE	Sørkja	36.2	1980	1990		11	1985	1990	1987	5
15.79	0	0	2	FALSE	FALSE	Orsjoren	1177.29	1956	2015		60	2000	2015	2004	15
15.174	1	1	3	FALSE	FALSE	Istreelva vannstand	25.58	2009	2015	2011	6	2009	2015	2011	6
16.10	1	1	2	TRUE	FALSE	Omnefoss	807.71	1922	1955	1927:1928	32				
16.32	1	1	2	FALSE	FALSE	Hjartsjø	215	1920	1957		38				
16.37	1	1	2	FALSE	FALSE	Vinjevatn	907	1919	1955		37				
16.51	1	1	2	FALSE	FALSE	Hagadrag	726.98	1912	1943		32				
16.66	1	1	2	FALSE	FALSE	Grosettjern	6.6	1950	2015		66	1953	2015	1957, 1964:1974, 1981:1984	47
16.75	1	1	2	FALSE	FALSE	Tannsvatn	118.28	1956	2015		60	1985	2015	1986, 2011	29
16.81	1	1	2	FALSE	FALSE	Bitdalsvatn	80.1	1956	1969		14				
16.108	1	1	3	FALSE	FALSE	Gjevarvatn	33.3	1966	1983		18	1967	1983	1976, 1982	15
16.109	1	1	3	FALSE	FALSE	Veisvikvatn	15.1	1966	1983	1977, 1979:1981	14	1966	1983	1970, 1976, 1977, 1979:1981	12
16.122	1	1	3	FALSE	FALSE	Grovåi	42.69	1973	2015	2001, 2005	41	1973	2015	1976, 2001, 2005	40
16.127	1	1	3	FALSE	FALSE	Viertjern	46.8	1980	2014	1993, 1996:1999, 2011	29	1980	2014	1986, 1993, 1996:1999, 2011	28
16.132	1	1	3	FALSE	FALSE	Gjuvå	33.1	1982	2015	2003:2005	31	1982	2015	2001, 2003:2005	30
16.140	1	1	3	TRUE	FALSE	Kvenna	822.26	1987	2015	1988:1995, 1998:2000, 2003, 2008, 2009	15	1996	2015	1998:2000, 2003, 2008, 2009	14
16.189	1	1	3	FALSE	FALSE	Bjørntjønn	34.62	1992	2015	2000, 2006	22	1992	2015	2000, 2006	22
16.193	1	1	3	FALSE	FALSE	Hørte	156.65	1962	2015	1976, 1991:1994, 1996:1999, 2002	44	2000	2015	2002	15
16.194	1	1	3	FALSE	FALSE	Kilen	118.47	1972	2015	1999:2001	41	1991	2015	1999:2001	22
18.4	1	1	1	FALSE	FALSE	Lundevatn	407.75	2009	2015	2012	6	2009	2015	2010, 2012, 2014	4
18.10	1	1	2	TRUE	FALSE	Gjerstad	236.23	1981	2015		35	1985	2015	1993:1994	29
18.11	1	1	2	FALSE	FALSE	Tjellingtjernbekk	1.95	1982	2015	1988	33	1982	2015	1988	33
19.57	1	1	2	FALSE	FALSE	Underberg Bru	253.67	1942	1950		9				
19.63	1	1	2	FALSE	FALSE	Finndøla	387.87	1957	1962		6				
19.73	1	1	2	FALSE	FALSE	Kilåi Bru	64.37	1968	2015	2007	47	1968	2015	1978, 1986, 1992, 1995, 2007	43
19.76	1	1	2	FALSE	FALSE	Tovsliøytjønn	115	1970	2001		32	1985	2001		17
19.78	1	1	2	FALSE	FALSE	Grytå	19.31	2000	2015		16	2000	2015		16
19.79	1	1	2	FALSE	FALSE	Gravå	6.31	1971	2015		45	1971	2015	1979, 1981:1984	40
19.80	1	1	2	TRUE	FALSE	Stigvassåi	14.49	1973	2015		43	1973	2015	1982:1984, 1990, 1994, 2000, 2009	36
19.82	1	1	2	FALSE	FALSE	Rauåna	8.93	1973	2015		43	1973	2015	1981:1984, 1987, 1991, 1994	36
19.96	1	1	2	FALSE	FALSE	Storgama ovf.	0.52	1975	2015		41	1975	2015		41
19.104	1	1	3	FALSE	FALSE	Songedalsåi	65.52	1981	2015		35	1981	2015		35
19.107	1	1	3	FALSE	FALSE	Lilleelv	39.32	1986	2015	1987:1997, 2002, 2007	17	1986	2015	1987:1997, 2002, 2004, 2007	16
20.2	1	1	1	FALSE	FALSE	Austenå	276.42	1925	2015		91	1985	2015	1990, 1992	29
20.3	1	1	1	FALSE	FALSE	Flaksvatn	1780.66	1900	2015		116				
20.4	1	1	1	FALSE	FALSE	Vikstølvatn	75.1	1924	1959		36				
21.47	1	1	2	FALSE	FALSE	Lislefjødd	19.01	2006	2015	2009, 2013	8	2007	2015	2009, 2012, 2013	6
22.4	1	1	1	FALSE	FALSE	Kjølemo	1757.7	1897	1933		37				
22.5	1	1	1	FALSE	FALSE	Austerhus	413	1922	1957		36				
22.16	1	1	2	FALSE	FALSE	Myglevatn ndf.	182.2	1952	2015	1998	63	1999	2015	2007	16
22.22	1	1	2	FALSE	FALSE	Søgne	203.58	1974	2015	1992	41	1974	2015	1979, 1992	40
24.8	1	1	1	FALSE	FALSE	Møska	121.41	1979	2015	1982, 1994	35	1995	2015		21
24.9	1	1	1	FALSE	FALSE	Tingvatn	272.16	1923	2015		93	1995	2015		21
25.2	1	1	1	FALSE	FALSE	Kvinen	482	1916	1966	1919:1958	11				
25.3	1	1	1	FALSE	FALSE	Netland	896	1916	1952		37				
25.4	1	1	1	FALSE	FALSE	Røynstadbru	1142	1916	1934		19				
25.7	1	1	1	FALSE	FALSE	Refsti	202.68	1922	1947		26				
25.8	1	1	1	FALSE	FALSE	Mygland 1931-1991	46.9	1931	2005		75	1997	2005		9
25.24	1	1	2	FALSE	FALSE	Gjuvvatn	96.82	1972	2015	1994	43	1987	2015	1994, 1999	27
25.30	1	1	2	TRUE	FALSE	Stegemoen	1147.61	1971	2015		45	1987	2015	1997	28
26.4	1	1	1	FALSE	FALSE	Fidjelandsvatn	506	1920	1969		50				
26.5	1	1	1	FALSE	FALSE	Dorgefoss	808.53	1914	1967		54				
26.6	1	1	1	FALSE	FALSE	Lindeland	963	1914	1969	1931:1961	25				
26.7	1	1	1	FALSE	FALSE	Sirdalsvatn	1528	1895	1964	1930:1958	41				
26.8	1	1	1	FALSE	FALSE	Lundevatn	1899	1897	1964		68				
26.15	1	1	2	FALSE	FALSE	Svartevatn	209	1959	1974		16				
26.20	1	1	2	TRUE	FALSE	Årdal	77.25	1971	2015		45	1971	2014	2009, 2012	42
26.21	1	1	2	FALSE	FALSE	Sandvatn	27.5	1971	2015		45	1971	2015	2012	44
26.29	1	1	2	FALSE	FALSE	Refsvatn	52.95	1979	2015		37	1979	2015	1987	36
26.64	1	1	2	FALSE	FALSE	Rekedalselv	10.11	1997	2015	2001, 2003, 2009:2011	14	1997	2015	2001, 2003, 2009:2011	14
27.15	1	1	2	FALSE	FALSE	Austrumdal	60.85	1986	2015		30	1987	2015	1988, 1989, 1992:1995	23
27.16	1	1	2	FALSE	FALSE	Bjordal	123.81	1988	2015	1997, 2002	26	1988	2015	1991, 1996, 1997, 2002, 2004	23
27.24	1	1	2	FALSE	FALSE	Helleland	184.72	1897	1920		24				
27.25	1	1	2	FALSE	FALSE	Gjedlakleiv	635.15	1983	2015	2001:2002	31	1983	2015	1992, 1993, 2001, 2002	29
27.42	1	1	2	FALSE	FALSE	Slevelandsåna	5.42	2008	2015		8	2008	2015		8
28.7	1	1	1	FALSE	FALSE	Haugland	139.35	1919	2015		97	1986	2015		30
29.7	1	1	1	FALSE	FALSE	Gramstaddalen	1	2006	2015		10	2006	2015		10
30.1	1	1	1	FALSE	FALSE	Moluf bru 1940 - 1950	128	1915	1950		36				
31.2	1	1	1	FALSE	FALSE	Lysedalen	47.2	1954	1984		31				
32.6	1	1	1	FALSE	FALSE	Liarvatn	55.85	1915	1943	1927:1935	20				
33.2	1	1	1	FALSE	FALSE	Tveid 1896-1928	513	1897	1956		60				
33.10	1	1	2	TRUE	FALSE	Sandvatn	70.4	1991	2015	2001:2005, 2009	19	1991	2015	2001:2005, 2009	19
33.11	1	1	2	FALSE	FALSE	Bergland bru	155	1966	1979		14				
35.2	0	0	1	FALSE	FALSE	Hauge Bru	393.88	1906	1980		75				
35.9	1	1	1	FALSE	FALSE	Osali	22.46	1983	2015	2010	32	1983	2015	1985:1989, 2010	27
35.16	1	0	2	FALSE	FALSE	Djupadalsvatn	45.34	1991	2015		25	1991	2015		25
36.2	1	1	1	FALSE	FALSE	Røldalsvatn	497.08	1914	1964		51				
36.11	1	1	2	FALSE	FALSE	Stråpa	1304	1905	1963		59				
36.12	1	1	2	FALSE	FALSE	Fossåna	10.7	1993	2003	2001:2002	9	1994	2003	1995, 1997, 1998, 2001, 2002	5
36.13	1	1	2	FALSE	FALSE	Grimsvatn	34.54	1974	2014		41	1974	2014	1986	40
36.32	1	1	2	FALSE	FALSE	Lauvastøl	20.72	1986	2015	1990, 1992, 1994	27	1993	2015	1994	22
37.27	1	1	2	FALSE	FALSE	Breiborgvatn	12.43	1996	2015	2005, 2007, 2011	17	1996	2015	2005:2007, 2011	16
38.1	1	1	1	FALSE	FALSE	Holmen	116.88	1983	2015	2002	32	1985	2015	2002	30
39.1	1	1	1	FALSE	FALSE	Tysvær	3.34	1975	2015	2002, 2003, 2010	38	1975	2015	2002, 2003, 2010	38
39.2	1	1	1	FALSE	FALSE	Kallandsvatnet	7.68	2006	2015		10	2006	2015	2011	9
41.1	1	1	1	FALSE	FALSE	Stordalsvatn	130.61	1913	2015		103	1985	2015		31
41.5	1	1	1	FALSE	FALSE	Stakkastadsvatn	33	1936	1973		38				
42.1	1	1	1	FALSE	FALSE	Fjellhaugvatn 1908-1921	150	1909	1920		12				
42.2	1	1	1	FALSE	FALSE	Djupevad	31.9	1972	2015		44	1972	2015	2005	43
42.16	1	1	2	FALSE	FALSE	Fjellhaugen	7.22	1998	2015		18	2000	2015	2001, 2007	14
45.4	1	1	1	FALSE	FALSE	Seimsfoss i Guddalselv	36.38	2007	2015		9	2007	2015		9
46.1	1	1	1	FALSE	FALSE	Øvrehuselv	37	1919	1939		21				
46.3	1	1	1	FALSE	FALSE	Øyreselv 1921-1968	83.4	1922	1973		52				
46.4	1	1	1	FALSE	FALSE	Bondhus	60.5	1964	1973	1970:1971	8				
46.9	1	1	1	FALSE	FALSE	Fønnerdalsvatn	7.01	1981	2014	1997, 2003:2005	30	1981	2014	1992, 1995, 1997, 2003:2005, 2007, 2011	26
47.1	1	1	1	FALSE	FALSE	Eidevatn (Byrkjedalsvatnet) 1908-1989	79.2	1909	1934		26				
48.1	1	1	1	FALSE	FALSE	Sandvenvatn	470.22	1909	2015		107	1997	2015	2007	18
48.2	1	1	1	FALSE	FALSE	Raundalsvatn	10.7	1964	1977		14	1964	1977		14
48.4	1	1	1	FALSE	FALSE	Jordal	51.5	1964	1982		19	1964	1982	1976	18
48.5	1	1	1	FALSE	FALSE	Reinsnosvatn	120.5	1918	2015	1923, 1924, 1926:1929	92	1977	2015	1978, 1984, 1988, 1996, 1997	34
50.1	1	1	1	FALSE	FALSE	Hølen	232.73	1923	2015		93	1962	2015	1978, 1984	52
50.2	1	1	1	FALSE	FALSE	Garen 1908-1948	502	1909	1973	1916:1918, 1938:1964	35				
50.3	1	1	1	FALSE	FALSE	Eidfjordvatn	1166.92	1929	1945		17				
50.5	1	1	1	FALSE	FALSE	Sima	125	1962	1980		19				
50.10	1	1	2	TRUE	FALSE	Isdøla	58.3	1966	1980		15	1966	1980		15
51.2	1	1	1	FALSE	FALSE	Austdalsvatn øvre	81.7	1943	1979	1976	36				
51.3	1	1	1	FALSE	FALSE	Osseter	26.7	1962	1979		18	1963	1979	1974:1975	15
55.4	1	1	1	FALSE	FALSE	Røykenes	50.09	1934	2015		82	1977	2015	1992	38
55.5	1	1	1	FALSE	FALSE	Dyrdalsvatn	3.31	1978	2015	1997:2001	33	1978	2015	1997:2001	33
55.7	1	1	1	FALSE	FALSE	Eikelandsosen	42.72	1981	1984		4				
61.8	1	1	1	FALSE	FALSE	Kaldåen	15.28	1988	2015		28	1988	2015	1997, 1999, 2010, 2012	24
61.13	1	1	2	FALSE	FALSE	Haukåselva	7.39	2008	2015		8	2008	2015		8
62.5	1	1	1	FALSE	FALSE	Bulken	1092.04	1892	2015		124	1995	2015		21
62.6	1	1	1	FALSE	FALSE	Austmannhølen	295	1909	1975	1946:1962, 1974	49				
62.10	1	1	2	TRUE	FALSE	Myrkdalsvatn	158.28	1964	2015		52	1971	2015	1986, 1987, 2011	42
62.14	1	1	2	FALSE	FALSE	Slondalsvatn	41.86	1984	2015		32	1985	2015	1986, 1994, 1997, 1998	27
62.15	1	1	2	FALSE	FALSE	Kinne	511.44	1984	2015		32	1984	2015		32
62.18	1	1	2	FALSE	FALSE	Svartavatn	72.35	1988	2015		28	1988	2015	1989, 1990, 1994, 1998, 1999, 2004, 2009, 2011	20
63.1	1	1	1	FALSE	FALSE	Nese 1908-1942	346	1909	1941		33				
63.2	1	1	1	FALSE	FALSE	Brakestad	224	1935	1971		37				
63.3	1	1	1	FALSE	FALSE	Fosse	261	1935	1971		37				
63.12	1	1	2	FALSE	FALSE	Fjellanger	12.83	1995	2015		21	1995	2015	1997, 1998, 2004, 2006, 2009, 2010	15
64.6	1	1	1	FALSE	FALSE	Solrenningsvatn	53.37	2006	2014	2007	8	2006	2014	2007	8
68.1	1	1	1	FALSE	FALSE	Kløvtveitvatn 1922-1950	4,51	1923	2005		83	1971	2005		35
68.2	1	1	1	FALSE	FALSE	Havelandselv	21	1965	2015	1981, 1982, 1984:1997	35	1998	2015	2005	17
70.8	1	1	1	FALSE	FALSE	Målset	7.71	1988	2015		28	1988	2015	1989	27
71.1	1	1	1	FALSE	FALSE	Skjerping	267.79	1969	2015		47	1988	2015	2006	27
71.5	1	1	1	FALSE	FALSE	Feios	75,2	1973	2006		34	1973	2006	1975, 1977, 2005	31
72.1	1	1	1	FALSE	FALSE	Klevevatn	109	1909	1947	1922:1934, 1943:1945	23				
72.5	1	1	1	FALSE	FALSE	Brekke bru	268.16	1944	2014		71	1997	2014	1998, 2009	16
72.7	1	1	1	FALSE	FALSE	Vassbygdvatn	758.77	1909	1969		61				
72.8	1	1	1	FALSE	FALSE	Aurdalsvatn	397	1953	1975		23				
73.1	1	1	1	FALSE	FALSE	Lo Bru	562.39	1916	1972		57				
73.4	1	1	1	FALSE	FALSE	Sælthun	789.96	1962	1971		10				
73.5	1	1	1	FALSE	FALSE	Breistøl	152	1962	1971		10				
73.6	1	1	1	FALSE	FALSE	Bergstølsfoss	203	1962	1971		10				
73.7	1	1	1	FALSE	FALSE	Ulvisbakken	261	1962	1972		11				
73.8	1	1	1	FALSE	FALSE	Dilma 1961-1968	133	1962	1972		11				
73.9	1	1	1	FALSE	FALSE	Nivla	166	1962	1972		11				
73.10	1	1	2	TRUE	FALSE	Smeddalen	157	1967	1983		17				
73.21	1	1	2	FALSE	FALSE	Frostdalen	25.74	1968	2015	1981:1993	35	1968	2014	1972:1993, 1997, 1998	23
73.27	1	1	2	FALSE	FALSE	Sula	30.32	1968	2015	1982:1991	38	1968	2015	1970:1979, 1982:1991, 1993	27
74.1	1	1	1	FALSE	FALSE	Årdalsvatn	978.68	1901	1934		34				
74.2	1	1	1	FALSE	FALSE	Tya	291	1912	1940		29				
74.18	1	1	2	FALSE	FALSE	Fornabu	53.13	1983	2015	1985, 1987:1989	29	1983	2015	1985, 1987:1990, 1993, 2006	26
75.2	1	1	1	FALSE	FALSE	Ytri bru	367	1919	1955		37				
75.20	1	1	2	TRUE	FALSE	Åstevatn	29	1967	1976	1969	9	1967	1976	1969	9
75.21	1	1	2	FALSE	FALSE	Rausdal	126	1964	1980	1971, 1973	15				
75.22	1	1	2	FALSE	FALSE	Gilja	203.43	1985	2015		31	1985	2015	1994, 2005, 2013	28
75.23	1	1	2	FALSE	FALSE	Krokenelv	45.92	1966	2015		50	1966	2015		50
75.28	1	1	2	FALSE	FALSE	Feigumfoss	48.04	1973	2015		43	1974	2015	1977, 2000	40
76.4	1	1	1	FALSE	FALSE	Leirdal	143	1963	1974	1969	11				
76.5	1	1	1	FALSE	FALSE	Nigardsjøen	65.29	1963	2015		53	2002	2015		14
76.10	1	1	2	TRUE	FALSE	Myklemyr	575.82	1979	1988		10	1985	1988		4
76.11	1	1	2	FALSE	FALSE	Vigdøla	45.45	1990	2015		26	1990	2015	1991, 2001, 2006	23
76.14	1	1	2	FALSE	FALSE	Fåbergstøl	182.96	1987	1988		2	1987	1988		2
77.2	1	1	1	FALSE	FALSE	Veitestrandsvatn 1900-1951	386	1901	1981		81				
77.3	1	1	1	FALSE	FALSE	Sogndalsvatn	110.93	1963	2015		53	1991	2015		25
77.20	1	1	2	TRUE	FALSE	Henjaelvi ved Flotande	48.14	2007	2014		8	2007	2014	2009	7
78.8	1	1	1	FALSE	FALSE	Bøyumselv	40.42	1983	2015		33	1983	2015		33
79.3	1	1	1	FALSE	FALSE	Nessedalselv	30	1984	2015		32	1984	2015		32
80.4	1	1	1	FALSE	FALSE	Ullebøelv	8.31	1967	2015		49	1983	2015	1989, 2001, 2003, 2008	29
81.1	1	1	1	FALSE	FALSE	Hersvikvatn	7.13	1934	2015		82	1977	2015		39
82.4	1	1	1	FALSE	FALSE	Nautsundvatn	218.96	1984	2015		32	2005	2015		11
83.2	1	1	1	FALSE	FALSE	Viksvatn	508.13	1903	2015		113	1985	2015		31
83.4	1	1	1	FALSE	FALSE	Eldal	169	1932	1955		24				
83.6	1	1	1	FALSE	FALSE	Byttevatn	104.54	1966	2015	1972:1974, 1977	46	1985	2015		31
83.7	1	1	1	FALSE	FALSE	Grønengstølsvatn	65.65	1966	2015		50	1966	2015	1968, 1976, 1995, 2003	46
83.12	1	1	2	FALSE	FALSE	Haukedalsvatn	205.55	1985	2015		31	1986	2015	1999	29
84.7	1	1	1	FALSE	FALSE	Sægrova	7.14	1997	2005	2002:2003	7	1997	2005	1999, 2002, 2003	6
84.10	1	1	2	TRUE	FALSE	Nesvatn	96,1	1964	1988		25				
84.15	1	1	2	FALSE	FALSE	Jølstervatn ndf.	384.46	1903	1951		49				
84.19	1	1	2	FALSE	FALSE	Sygnesandselva	10.32	1998	2009		12	1999	2008	2002	9
84.20	1	1	2	TRUE	FALSE	Holsenvatn	71.48	1964	2015		52	1983	2015	2002	32
84.30	1	1	2	TRUE	FALSE	Lunde	34.37	1996	2009		14	1996	2009	2002	13
85.1	1	1	1	FALSE	FALSE	Norddal	97,5	1909	1962		54				
85.2	1	1	1	FALSE	FALSE	Blåmannsvatn	225.63	1930	1985		56				
85.4	1	1	1	FALSE	FALSE	Staumstad	109.68	1975	2015		41	1982	2015	1984, 1995, 1997	31
86.1	1	1	1	FALSE	FALSE	Risevatn	32.57	1929	1971		43				
86.4	1	1	1	FALSE	FALSE	Gjengedalsvatn	56,0	1964	2000		37	1970	2000		31
86.10	1	1	2	TRUE	FALSE	Åvatn	162.13	1975	2015		41	1984	2015	1985, 1995, 1998, 1999, 2002:2004, 2008	24
86.12	1	1	2	FALSE	FALSE	Skjerdalselv	23.66	1983	2015		33	1983	2015	1989, 1996	31
87.2	1	1	1	FALSE	FALSE	Eidsfoss	614.33	1901	1915		15				
87.10	1	1	2	TRUE	FALSE	Gloppenelv v/Bergheim	217.12	1971	2015		45				
88.4	1	1	1	FALSE	FALSE	Lovatn	234.88	1901	2015		115	1988	2015		28
88.11	1	1	2	FALSE	FALSE	Strynsvatn	482.04	1982	2015	1994, 1996, 2001:2006	26	1985	2015	1990, 1994, 1996, 2001:2006	22
88.15	1	1	2	FALSE	FALSE	Grasdøla	34.54	1980	2015	1985, 1986, 1989:1997	25	1987	2015	1989:1997, 2002	19
88.30	1	1	2	TRUE	FALSE	Oldevatn	203.1	1988	2015		28	1988	2015		28
89.1	1	1	1	FALSE	FALSE	Hornindalsvatn	381.68	1967	2015		49	1990	2015	1996	25
90.1	1	1	1	FALSE	FALSE	Førdeelv	2.99	2008	2015		8	2008	2015		8
91.2	1	1	1	FALSE	FALSE	Dalsbøvatn	25.72	1935	2015		81	1984	2015	2009	31
96.3	1	1	1	FALSE	FALSE	Hareidselv	40.37	1986	2015	2009:2010	28	1986	2015	1987, 1992, 1996, 2002, 2009, 2010	24
98.4	1	1	1	FALSE	FALSE	Øye ndf.	138.78	1917	2015	1956, 1979:1982, 1999	93	1991	2015	1999, 2002	23
99.1	1	1	1	FALSE	FALSE	Onilsavatn	303	1910	1918		9				
99.2	1	1	1	FALSE	FALSE	Heimste Kaldhussetervann	99,8	1913	1924	1920	11				
99.3	1	1	1	FALSE	FALSE	Øyen	183	1912	1923	1920	11				
99.17	1	1	2	FALSE	FALSE	Rødøla	49.86	1986	2015	1995, 1996, 2007	27	1993	2015	1995, 1996, 2007, 2013	19
100.1	1	1	1	FALSE	FALSE	Alstad	226.31	1984	2015		32	1999	2015	2008, 2013, 2014	14
101.1	1	1	1	FALSE	FALSE	Engsetvatn	39.93	1924	2015		92	1991	2015		25
102.1	1	1	1	FALSE	FALSE	Hildreelv	14.25	2007	2015		9	2007	2015		9
103.1	2	1	1	FALSE	FALSE	Storhølen	435.51	1972	2015		44	1986	2015	1991	29
103.3	1	1	1	FALSE	FALSE	Stuguflåten	377.02	1972	2015	1993, 1994, 1995, 1996, 1997, 2010, 2012, 2013	36	1983	2015	1986, 1987, 1993:1997, 2003, 2010, 2012, 2013	22
103.6	1	1	1	FALSE	FALSE	Grøtta bru	78,8	1917	1930		14				
103.21	1	1	2	FALSE	FALSE	Krossan	156	1973	1990	1976:1979	14	1985	1990		6
103.40	1	1	2	TRUE	FALSE	Rauma v/Horgheim	1099.42	1913	2015	2012	102	1986	2015	2012	29
104.1	1	1	1	FALSE	FALSE	Lille Eikesdalsvatn	801.44	1907	1955		49				
104.22	1	1	2	FALSE	FALSE	Midtre Mardalsvatn	13.68	1976	2015	2012	39	1976	2015	1978, 1981:1987, 1996, 2012	30
104.23	1	1	2	FALSE	FALSE	Vistdal	66.52	1976	2015		40	1976	2015		40
105.1	2	1	1	FALSE	FALSE	Øren	137.59	1924	2015		92	1986	2015	1997	29
109.1	1	1	1	FALSE	FALSE	Litledalselv	330	1913	1952		40				
109.4	1	1	1	FALSE	FALSE	Gjevilvatn	169	1922	1950		29				
109.9	1	1	1	FALSE	FALSE	Risefoss	745.38	1936	2015		80	1979	2015		37
109.11	1	1	2	FALSE	FALSE	Vindal	161	1937	1951		15				
109.12	1	1	2	FALSE	FALSE	Bruøy 1949-1966	474	1950	1990		41	1964	1990		27
109.19	1	1	2	FALSE	FALSE	Ångårdsvatn	88,5	1964	1972		9				
109.21	1	1	2	FALSE	FALSE	Svoni	136.02	1970	2015	1995:1996	44	1981	2015	1982:1985, 1991, 1995:1997, 2000	26
109.29	1	1	2	FALSE	FALSE	Dalavatn	85.44	1975	2015	2013	40	1975	2015	1977, 2013	39
109.31	1	1	2	FALSE	FALSE	Grøli 1980-1983	108	1981	1993		13	1985	1993	1990	8
109.35	1	1	2	FALSE	FALSE	Håkådalselv	23.62	1988	2014	2007:2008	25	1988	2014	1990, 1994, 1998, 2001, 2003, 2007, 2008	20
109.42	1	1	2	FALSE	FALSE	Elvehøy Bru	2437.41	1908	1972		65				
111.1	2	1	1	FALSE	FALSE	Innerdalsvatn	72,6	1967	1987		21	1986	1987		2
111.3	1	1	1	FALSE	FALSE	Todalselv	205	1908	1937		30				
111.5	1	1	1	FALSE	FALSE	Talgøyfoss	150.47	1944	1972		29				
111.9	1	1	1	FALSE	FALSE	Søya	137.63	1975	2015		41	1975	2015	1978, 1993, 1999, 2005, 2007	36
111.10	1	1	2	TRUE	FALSE	Nauståa	24.79	1979	2015	2008:2010	34	1979	2015	1993, 1999, 2008:2010	32
112.3	1	1	1	FALSE	FALSE	Svorka	83,3	1921	1961	1926:1939	27				
112.5	1	1	1	FALSE	FALSE	Løsetli	196	1958	1967		10				
112.6	1	1	1	FALSE	FALSE	Sjursberget	168	1958	1969		12				
114.1	1	1	1	FALSE	FALSE	Myra	16.46	1989	2015	1991, 2005	25	1989	2015	1991:1993, 1995, 2000, 2002, 2005, 2009, 2010	18
121.9	1	1	1	FALSE	FALSE	Næverdal	793.85	1967	1981		15				
121.13	1	1	2	FALSE	FALSE	Grana	212.51	1962	1978		17				
121.14	1	1	2	FALSE	FALSE	Svorksjøen	103.23	1965	1977		13				
121.20	1	1	2	TRUE	FALSE	Åmot	282.36	1988	2015	1992:1993	26	1988	2015	1992:1993	26
121.22	1	1	2	FALSE	FALSE	Syrstad	2278.13	1913	1939		27				
122.9	1	1	1	FALSE	FALSE	Gaulfoss	3086.41	1959	2015	1977:1987	46	1988	2015	1993:1994	26
122.11	1	1	2	FALSE	FALSE	Eggafoss	654.24	1942	2015	2013	73	1966	2015	1975:1985, 2013	38
122.13	1	1	2	FALSE	FALSE	Økdalsmo bru	111.36	1964	1980		17				
122.17	1	1	2	FALSE	FALSE	Hugdal Bru	546.17	1973	2015	2001:2006, 2010	36	1973	2015	2001:2006, 2010, 2013	35
123.11	1	1	2	FALSE	FALSE	Kistafoss	1035.11	1931	1947		17				
123.13	1	1	2	FALSE	FALSE	Stokke	1989.98	1916	1946		31				
123.14	1	1	2	FALSE	FALSE	Fossan	278.96	1919	1939		21				
123.24	1	1	2	FALSE	FALSE	Rotla bru	256.79	1964	1989		26				
123.29	1	1	2	FALSE	FALSE	Svarttjørnbekken	3.42	2006	2015		10	2006	2015		10
123.31	1	1	2	FALSE	FALSE	Kjelstad	145	1930	2015		86	1986	2015		30
124.1	1	1	1	FALSE	FALSE	Floren 1912-1932	975.76	1914	1926	1915:1919	8				
124.2	1	1	1	FALSE	FALSE	Høggås Bru	494.72	1913	2015		103	1965	2015	1974, 1977, 1979, 1991, 2014	46
124.10	1	1	2	TRUE	FALSE	Mannseter	96.82	1963	1993		31	1989	1993		5
124.11	1	1	2	FALSE	FALSE	Dalå	152.88	1963	1983		21				
124.13	1	1	2	FALSE	FALSE	Feren	219.99	1969	2015	1985:2006, 2008: 2014	18	2007	2015	2008:2014	2
124.14	1	1	2	FALSE	FALSE	Trøa	181.98	1983	1993		11	1988	1993	1990	5
124.15	1	1	2	FALSE	FALSE	Børstad	48.46	1992	2015	2005:2006	22	1992	2015	1994, 1998, 2002, 2005, 2006, 2010	18
125.2	1	1	1	FALSE	FALSE	Fossing	163.37	1932	1965		34				
126.2	1	1	1	FALSE	FALSE	Engstad	20.03	1993	2015	2012:2014	20	1998	2015	1999, 2002, 2004, 2012:2014	12
127.6	1	1	1	FALSE	FALSE	Grunnfoss	880.42	1952	2015		64	1989	2015		27
127.7	1	1	1	FALSE	FALSE	Ådalsvollen 1933-1938	132.66	1910	1925		16				
127.11	1	1	2	FALSE	FALSE	Veravatn	176.13	1967	2015		49	1981	2015		35
127.12	1	1	2	FALSE	FALSE	Innsvatn	97.6	1973	1991		19	1974	1991		18
127.13	1	1	2	FALSE	FALSE	Dillfoss	479.64	1973	2015		43	1973	2015	1991, 2002, 2006, 2008	39
128.9	1	1	1	FALSE	FALSE	Leksdalsvatn	177.22	1972	2010		39	1989	2010		22
128.10	1	1	2	TRUE	FALSE	Navlusfoss	436.97	1981	1991		11				
132.3	1	1	1	FALSE	FALSE	Spakmo	245.85	1917	1930		14				
132.4	1	1	1	FALSE	FALSE	Storvatn-Svartelva	147.97	1917	1958		42				
133.7	1	1	1	FALSE	FALSE	Krinsvatn	206.61	1916	2015		100	1970	2015	1984, 1989	44
138.1	1	1	1	FALSE	FALSE	Øyungen	239.07	1917	2015		99	1977	2015	1983, 1986	37
139.5	1	1	1	FALSE	FALSE	Namsvatn	700	1909	1948		40				
139.8	1	1	1	FALSE	FALSE	Fiskumfoss	3295.03	1908	1941		34				
139.11	1	1	2	FALSE	FALSE	Tunnsjøplass	472.21	1909	1940		32				
139.13	1	1	2	FALSE	FALSE	Grongstadvatn	471.61	2004	2015		12	2004	2015		12
139.15	1	1	2	FALSE	FALSE	Bjørnstad	1037.62	1935	1950		16				
139.20	1	1	2	TRUE	FALSE	Moen	64.03	1975	2015		41	1976	2015	1988	39
139.25	1	1	2	FALSE	FALSE	Skjellbreivatn	546.35	1983	2015	1985:1988, 2013, 2014	27	1989	2015	1993, 1998, 2001, 2011, 2013, 2014	21
139.35	1	1	2	FALSE	FALSE	Trangen	852.39	1979	2015		37	1990	2015		26
140.2	1	1	1	FALSE	FALSE	Salsvatn	431.9	1917	2015	1942, 1948, 1970, 1975	95	1989	2015	2014	26
142.1	1	1	1	FALSE	FALSE	Aunvatn	87.29	1984	2015		32	1984	2015	1987:1988	30
144.1	1	1	1	FALSE	FALSE	Åbjørvatn	388.95	1909	1949		41				
148.1	1	1	1	FALSE	FALSE	Strompdal	192.78	1909	1953		45				
148.2	1	1	1	FALSE	FALSE	Mevatnet	108.47	1974	2015		42	1974	2015	1994:1998	37
150.1	1	1	1	FALSE	FALSE	Sørra	6.58	1953	2015	1973:1976, 1982, 1985:1988, 2003, 2013	52	1953	2015	1973:1976, 1982, 1985:1988, 2003, 2013	52
150.3	1	1	1	FALSE	FALSE	Tormodsvoll	6.47	1954	1972		19				
151.4	1	1	1	FALSE	FALSE	Hatfjelldal	1828.62	1909	1924		16				
151.6	1	1	1	FALSE	FALSE	Fiplingkroken	309.03	1920	1930		11				
151.9	1	1	1	FALSE	FALSE	Unkervatn	765	1930	1990		61	1989	1990		2
151.12	1	1	2	FALSE	FALSE	Østre Fiskelausvatn	15.41	1968	1989		22	1968	1981	1976	13
151.15	1	1	2	FALSE	FALSE	Nervoll	653.36	1969	2015		47	1969	2015	1971	46
151.16	1	1	2	FALSE	FALSE	Eiteråfoss	139.83	1969	1987		19				
151.17	1	1	2	FALSE	FALSE	Fiplingvatn	264.68	1969	1985		17				
151.20	1	1	2	TRUE	FALSE	Fosstun	588.83	1973	1995	1992:1993	21	1988	1995	1990, 1992, 1993	5
151.21	1	1	2	FALSE	FALSE	Joibakken	2623.11	1973	2015		43	1989	2015	1992, 2001	25
151.28	1	1	2	FALSE	FALSE	Laksfors	3653.4	1909	2015	1930:1952	84	1989	2015	2010, 2013	25
151.65	1	1	2	FALSE	FALSE	Stor-Svenningvatnet	189.59	2012	2015		4	2012	2015		4
152.4	0	0	1	FALSE	FALSE	Fustvatn	525.69	1909	2015		107	1975	2015	1981:1988, 1991	32
153.1	1	1	1	FALSE	FALSE	Storvatn	48	1917	2015		99	1972	2015		44
155.2	0	0	1	FALSE	FALSE	Tustervatn	1504.35	1905	1951	1950	46				
155.5	1	1	1	FALSE	FALSE	Lille Målvatn	274.38	1909	1966		58				
155.6	1	1	1	FALSE	FALSE	Sjøfoss	1880.85	1928	1958		31				
155.7	1	1	1	FALSE	FALSE	Bleikingen	191.9	1957	1966		10				
155.11	1	1	2	FALSE	FALSE	Stemtjern	11.34	1969	1990		22	1989	1990		2
155.13	1	1	2	FALSE	FALSE	Elvestad	193.72	1974	1989		16	1989	1989		1
155.27	1	0	2	FALSE	FALSE	Lendingosen	159.03	1994	2012		19	1994	2012	2000	18
156.4	1	1	1	FALSE	FALSE	Nevernes	1904.14	1909	1980		72				
156.5	0	0	1	FALSE	FALSE	Reinfosshei	3160.32	1909	1925		17				
156.8	1	0	1	FALSE	FALSE	Svartisdal	121.98	1961	2015		55	1968	2015	1971:1983, 1985:1988, 1990, 1996, 1998, 2009	27
156.9	0	0	1	FALSE	FALSE	Krokstrand	792.69	1938	1970		33				
156.10	1	1	2	TRUE	FALSE	Berget	210.63	1951	2015		65	1998	2015	2009	17
156.13	1	1	2	FALSE	FALSE	Bjørnfoss	306.1	1955	1992		38	1987	1992		6
156.15	1	1	2	FALSE	FALSE	Forsbakk	56.04	1974	2015	2006:2007	40	1974	2015	1979:1988, 2006, 2007	30
156.17	1	1	2	FALSE	FALSE	Virvatn	79.06	1967	2013	1970, 2012	45	1989	2013	1990, 2001, 2005, 2012	21
156.18	1	1	2	FALSE	FALSE	Blerek	78.41	1967	1987		21				
156.20	1	1	2	TRUE	FALSE	Nylaenget	374.55	1968	1983		16				
156.22	1	1	2	FALSE	FALSE	Ramnåga	68.32	1971	1987		17	1985	1987		3
156.24	1	1	2	FALSE	FALSE	Bogvatn	36.21	1971	2015		45	1971	2015	1977:1979, 1983, 1985, 2010	39
156.27	1	1	2	FALSE	FALSE	Leiråga	44.09	1975	2015	1976, 1998:2000	37	1975	2015	1976, 1989, 1998:2000	36
156.34	0	0	2	FALSE	FALSE	Søndre Bjøllåvatn	157.26	1971	1993	1992	22				
157.3	1	1	1	FALSE	FALSE	Vassvatn	16.33	1917	2015		99	1989	2015		27
159.3	1	1	1	FALSE	FALSE	Engabrevatn	53.33	1974	1992		19	1974	1992		19
159.4	1	1	1	FALSE	FALSE	Koppskjærelv	2.29	1971	1979		9	1971	1979		9
161.1	1	1	1	FALSE	FALSE	Ågnes	195.86	1913	1947		35				
161.3	0	0	1	FALSE	FALSE	Arstadfossen	198.8	1917	1962		46				
161.6	1	0	1	FALSE	FALSE	Staupåga	18.47	1970	1988		19	1970	1988	1972, 1973, 1983	16
161.7	1	0	1	FALSE	FALSE	Tollåga	225.05	1973	2015	2010	42	1973	2015	2001, 2006, 2009, 2010	39
161.18	0	0	2	FALSE	FALSE	Vm Selfoss Bru	788.34	1917	1992		76				
162.1	1	1	1	FALSE	FALSE	Oldereidvatn	49.93	1920	1952		33				
162.3	0	0	1	FALSE	FALSE	Skarsvatn	145.39	1917	2015		99	1989	2015	1999	26
163.5	1	1	1	FALSE	FALSE	Junkerdalselv	421.98	1938	2015		78	1978	2015	1979, 1980, 1986, 1996, 2002	33
163.6	1	1	1	FALSE	FALSE	Jordbrufjell	69.91	1946	2014	2007, 2013	67	1964	2014	2007, 2013	49
163.7	1	1	1	FALSE	FALSE	Kjemåvatn	36.48	1970	2015		46	1970	2015	1977, 1981, 2005	43
163.8	1	1	1	FALSE	FALSE	Lønselv	344.7	1973	1988	1974:1976	13	1985	1988		4
163.9	1	1	1	FALSE	FALSE	Russånes	1040.23	1975	1988		14	1975	1988		14
163.10	0	0	2	TRUE	FALSE	Sauelv	127.06	1977	1988		12				
165.13	1	1	2	FALSE	FALSE	Nye Strandå	24.06	2014	2015		2	2015	2015		1
166.1	1	1	1	FALSE	FALSE	Lakshola	230.79	1917	1998		82	1988	1998		11
166.3	1	1	1	FALSE	FALSE	Andkilvatn	249.24	1961	1971		11				
166.13	1	1	2	FALSE	FALSE	Vallvatn	53.04	1962	2014		53	1988	2014		27
167.2	1	1	1	FALSE	FALSE	Sørfjordvatn	109.31	1917	1986		70	1965	1984	1968, 1973, 1975	17
167.3	1	1	1	FALSE	FALSE	Kobbvatn	387.14	1917	1985		69				
167.4	1	1	1	FALSE	FALSE	Sjøfossen	73.82	1964	1983		20				
168.1	1	1	1	FALSE	FALSE	Storvatn	71.3	1917	2014	1991:2007, 2011	80	1959	2014	1980, 1985:1988, 1991:2007, 2011	33
168.2	1	1	1	FALSE	FALSE	Mørsvik Bru	31.23	1986	2015		30	1986	2015		30
170.1	1	1	1	FALSE	FALSE	Rotvatn	242.08	1917	1943		27				
171.3	1	1	1	FALSE	FALSE	Vasja	39.44	1972	1986		15	1972	1978		7
171.4	1	1	1	FALSE	FALSE	Stabburselv	67.34	1972	1986		15				
171.5	1	1	1	FALSE	FALSE	Draugselv	105.58	1972	1986		15				
171.7	1	1	1	FALSE	FALSE	Ravggajokka	74.96	1977	2015	1987:2010, 2012	14				
172.5	1	1	1	FALSE	FALSE	Melkedal	92.15	1939	1956		18				
173.1	1	1	1	FALSE	FALSE	Kjårdaelv	71.03	1919	1938		20				
173.3	1	1	1	FALSE	FALSE	Sørelv Bru	371.68	1919	1972		54				
173.8	1	1	1	FALSE	FALSE	Coarveij	62.83	1973	2013	1994, 2000, 2006:2010	34	1989	2013	1992, 1994, 2000, 2001, 2006:2010	16
173.22	1	1	2	FALSE	FALSE	Gamnes	797.59	1913	1972	1959:1961	57				
174.3	1	1	1	FALSE	FALSE	Øvstevatn	28.44	1982	2015		34	1982	2015	2003	33
174.9	1	1	1	FALSE	FALSE	Nygård	150.18	1922	1931		10				
174.11	1	1	2	FALSE	FALSE	Taraldsvikelv	2.84	1994	2014	1998, 1999, 2010	18	1994	2014	1998, 1999, 2010	18
176.1	1	1	1	FALSE	FALSE	Myklebostad	17.79	1985	1998	1997	13	1985	1996	1992, 1995	10
177.4	1	1	1	FALSE	FALSE	Sneisvatn	29.25	1917	2015		99	1978	2015	1985, 1987	36
178.1	1	1	1	FALSE	FALSE	Langvatn	18.41	1954	2014		61	1978	2014	1980	36
180.1	1	1	1	FALSE	FALSE	Grønlivatn	7.52	1990	2015	1992, 1993, 1996, 1997	22	1990	2015	1992, 1993, 1996, 1997	22
185.1	1	1	1	FALSE	FALSE	Gåslandsvatn	7.7	1935	2015	2008	80	1978	2015	1985, 1994, 2008, 2009	34
189.1	1	1	1	FALSE	FALSE	Skodbergvatn	107.31	1929	1952		24				
189.2	1	1	1	FALSE	FALSE	Øyvatn	47.42	1979	1989		11				
189.3	1	1	1	FALSE	FALSE	Tennevikvatn	85.41	1979	2015	2014	36	1989	2015	1994, 2011, 2014	24
190.1	1	1	1	FALSE	FALSE	Tjuvskjer	8	1985	1993		9				
190.2	1	1	1	FALSE	FALSE	Storfossen	52.69	1987	2001	1995:1996	13	1987	2001	1995:1996	13
191.2	1	1	1	FALSE	FALSE	Øvrevatn	526.02	1988	2015		28	1989	2015		27
193.2	1	1	1	FALSE	FALSE	Skøvatn ndf.	94.91	1962	1991		30	1984	1991		8
194.1	1	1	1	FALSE	FALSE	Lysevatn	129.68	1935	1940		6				
196.5	0	0	1	FALSE	FALSE	Insetvatn	1388.44	1911	1953		43				
196.7	1	1	1	FALSE	FALSE	Fiskeløsvatn	54.42	1961	2014		54	1978	2014	1981, 1986, 1992, 1998	33
196.11	1	1	2	FALSE	FALSE	Lille Rostavatn	638.38	1962	2015		54	1989	2015		27
196.12	1	1	2	FALSE	FALSE	Lundberg	246.53	1962	2014	2000:2001	51	1978	2014	1982, 1984, 2000, 2001	33
196.13	1	1	2	FALSE	FALSE	Bardujord	68.5	1962	1990		29	1989	1990		2
196.35	0	0	2	FALSE	FALSE	Malangsfoss	3110.65	1908	1959		52				
197.10	1	1	2	TRUE	FALSE	Ersfjordelva	18.63	2007	2011		5	2007	2011		5
200.4	1	1	1	FALSE	FALSE	Skogsfjordvatn	136.01	1989	2015		27	1989	2015	1990, 1992, 1997, 2001, 2007, 2012	21
203.2	1	1	1	FALSE	FALSE	Jægervatn	92.48	1989	2014	2011	25	1989	2014	2011	25
205.1	1	1	1	FALSE	FALSE	Helligskogen	365.06	1928	1977	1944:1961, 1969:1971	29				
205.2	1	1	1	FALSE	FALSE	Gardebor	219.78	1967	1978		12				
205.3	1	1	1	FALSE	FALSE	Skibotn Bru	727.22	1971	1977		7				
206.2	1	1	1	FALSE	FALSE	Holm Bru	344.6	1962	1970		9				
206.3	2	2	1	FALSE	FALSE	Manndalen Bru	200.48	1972	2015		44	1972	2015	1978, 1981, 1993, 1995, 1996, 2004	38
207.1	1	1	1	FALSE	FALSE	Fagertun	15.48	1949	1982		34				
208.2	1	1	1	FALSE	FALSE	Oksfjordvatn	265.6	1956	2015	2011	59	1985	2015	1986, 2011	29
208.3	1	1	1	FALSE	FALSE	Svartfossberget	1932.29	1982	2014		33	1985	2014		30
209.1	0	0	1	FALSE	FALSE	Njemenjaikafoss	172.37	1928	1965	1944, 1945, 1953:1956, 1960	31				
209.2	1	1	1	FALSE	FALSE	Baddern	137.24	1928	1940		13				
209.3	2	2	1	FALSE	FALSE	Kvænangselv Bru	310.66	2003	2013		11	2005	2013	2006	8
210.1	1	1	1	FALSE	FALSE	Øvrefoss	169.96	1962	1993	1968	31	1985	1993		9
212.7	1	1	1	FALSE	FALSE	Lille Mattisvatn	319.02	1939	1990	1940, 1944, 1945, 1979, 1980	47	1985	1990	1986	5
212.10	1	1	2	TRUE	FALSE	Masi	5620.81	1967	2015	2003	48	1985	2015	1994, 1996, 1998, 2002, 2003, 2010	25
212.11	1	1	2	FALSE	FALSE	Kista	6182	1972	1986		15	1977	1986	1979:1985	3
212.26	1	1	2	FALSE	FALSE	Suohpatjohka	604.39	2009	2011		3	2010	2010		1
212.27	1	1	2	FALSE	FALSE	Eibyelva v/Hammeren	624.18	2008	2014		7	2009	2014		6
212.48	1	1	2	FALSE	FALSE	Sagafoss	233.67	1991	2014		24	1991	2014		24
212.49	1	1	2	FALSE	FALSE	Halsnes	144.89	1972	2014	2002	42	1992	2014	2002	22
213.2	1	1	1	FALSE	FALSE	Leirbotnvatn	135.47	1962	2014		53	1981	2014	1993, 1997, 2005, 2010	30
213.3	1	1	1	FALSE	FALSE	Skaidi	306.73	1975	1992		18	1985	1992	1986	7
213.4	1	1	1	FALSE	FALSE	Kvalsund	124.8	1979	2013		35	1980	2013	1992	33
223.1	0	0	1	FALSE	FALSE	Stabburselv	1067.33	1924	1959	1944:1946	33				
224.1	1	1	1	FALSE	FALSE	Skoganvarre	942.31	1922	1955	1944:1945	32				
225.1	1	1	1	FALSE	FALSE	Børselv	871.27	1922	1932		11				
228.2	1	1	1	FALSE	FALSE	Kunes	678.22	1980	2000	1994	20	1985	2000	1988, 1994	14
229.1	1	1	1	FALSE	FALSE	Adamsfjordfoss	710.57	1928	1960	1944:1946	30				
229.2	1	1	1	FALSE	FALSE	Nedre Friarfjordvatn	128.22	1932	1943		12				
234.2	1	1	1	FALSE	FALSE	Jiesjokka	460.53	1958	1979		22				
234.4	1	1	1	FALSE	FALSE	Smalfjord	30.05	1961	1986		26	1970	1986	1976, 1977, 1983	14
234.5	1	1	1	FALSE	FALSE	Njalmigoaika	2256.83	1967	1990		24	1986	1990		5
234.13	1	1	2	FALSE	FALSE	Vækkava	2079.25	1990	2010		21	1990	2010		21
234.18	1	1	2	FALSE	FALSE	Polmak nye	14161.4	1992	2015		24	1992	2015		24
237.1	1	1	1	FALSE	FALSE	Båtsfjord	21.93	1981	2014	1986	33	1981	2014	1985:1988, 1990, 1992, 1996, 2007, 2011	25
241.1	1	1	1	FALSE	FALSE	Bergeby	247.58	1961	1996		36	1985	1996		12
244.2	1	1	1	FALSE	FALSE	Neiden	2947.19	1912	2014	1974:1978, 2011	97	1985	2014	2011	29
246.1	1	1	1	FALSE	FALSE	Bjørnvatn	18109.95	1940	1960		21				
246.8	1	1	1	FALSE	FALSE	Vaggatem	244.96	1964	1986	1978	22				
246.9	1	1	1	FALSE	FALSE	Sametielv	255.69	1982	2013		32	1985	2013	2005	28
307.5	1	1	1	FALSE	FALSE	Murusjø	345.62	1926	2015		90	1989	2015		27
307.12	1	1	2	FALSE	FALSE	Huddingsvatn	153.53	1960	1969		10				
307.14	1	1	2	FALSE	FALSE	Saksvatn	64.03	1960	1989		30	1960	1989	1971, 1972, 1979, 1982, 1984:1988	21
308.1	1	1	1	FALSE	FALSE	Lenglingen	449.98	1926	2015		90	1989	2015	2008	26
311.4	1	1	1	FALSE	FALSE	Femundsenden	1794.03	1896	2015	1997:1998	118	1986	2015	1997, 1998, 2003	27
311.6	1	1	1	FALSE	FALSE	Nybergsund	4424.85	1909	2015		107	2002	2015		14
311.10	1	1	2	TRUE	FALSE	Galten	2482	1950	1983	1952	33				
311.460	1	1	3	TRUE	FALSE	Engeren	394.83	1912	2015	1996	103	1987	2015	1995, 1996, 2008, 2014	25
